  Nr    Dags.    Timi      Breidd     Lengd   Dypi   M     ML
   1 20140825 000732.869 64.76192 -17.87502  0.698  2.85  2.53
   2 20140825 000827.818 64.75307 -17.88000  1.363  2.40  2.09
   3 20140825 001147.920 64.83267 -16.87450  4.290  2.54  2.22
   4 20140825 002027.142 64.83387 -16.88581  9.710  2.14  1.61
   5 20140825 002209.035 64.82990 -16.87836  4.512  2.40  1.97
   6 20140825 002336.425 64.85941 -16.85933 13.416  1.41  1.09
   7 20140825 002447.837 64.83633 -16.87736 12.621  2.14  1.54
   8 20140825 002802.348 64.86349 -16.85002 11.219  2.52  2.08
   9 20140825 003139.607 64.86333 -16.86162  8.577  1.73  1.45
  10 20140825 003437.325 64.83372 -16.87122 12.229  1.88  1.38
  11 20140825 003454.321 64.83371 -16.88218 12.836  2.10  1.73
  12 20140825 003630.882 64.83427 -16.88077 12.965  2.15  1.70
  13 20140825 003739.682 64.83438 -16.87598 11.729  2.45  1.81
  14 20140825 003923.038 64.82914 -16.87153 10.117  1.91  1.69
  15 20140825 004608.594 64.85764 -16.84905  7.115  2.05  1.66
  16 20140825 004713.382 64.82959 -16.88055 13.806  1.98  1.24
  17 20140825 004804.270 64.84369 -16.86681 12.832  1.54  1.21
  18 20140825 005225.008 64.86150 -16.84707  8.838  2.01  2.09
  19 20140825 005240.577 64.75246 -17.88369  1.471  2.35  2.49
  20 20140825 005544.177 64.83932 -16.87115 11.921  2.14  1.63
  21 20140825 010132.881 64.83853 -16.87400 12.213  2.66  2.09
  22 20140825 010226.248 64.84270 -16.87092 11.771  1.75  1.59
  23 20140825 010728.920 64.82592 -16.88118 10.921  2.13  1.75
  24 20140825 010754.753 64.82704 -16.88124  9.391  2.29  1.48
  25 20140825 010830.630 64.85210 -16.85327  8.844  1.97  1.64
  26 20140825 010945.712 64.85879 -16.85214  9.977  1.65  1.38
  27 20140825 011125.422 64.80388 -16.90095  9.729  2.08  1.57
  28 20140825 011816.935 64.83953 -16.86378 12.323  1.95  1.56
  29 20140825 012308.233 64.85983 -16.85091 10.200  2.23  2.04
  30 20140825 012813.415 64.86111 -16.84586 12.479  1.98  1.49
  31 20140825 012908.176 64.85946 -16.85113  7.405  2.21  1.67
  32 20140825 013322.344 64.85860 -16.85085 11.124  2.12  1.74
  33 20140825 013414.975 64.86127 -16.84498 12.437  1.82  1.41
  34 20140825 014850.872 64.85534 -16.85477 12.017  1.84  1.25
  35 20140825 015106.583 64.85847 -16.84384  9.451  1.76  1.41
  36 20140825 015345.717 64.85197 -16.85588 12.157  1.75  1.18
  37 20140825 015740.079 64.80609 -16.91732 12.527  2.22  1.72
  38 20140825 015955.940 64.80906 -16.90831 10.414  2.48  2.28
  39 20140825 020115.173 64.77565 -16.93364 13.528  1.71  1.35
  40 20140825 020201.446 64.85698 -16.84935  6.340  2.19  2.04
  41 20140825 020447.027 64.86114 -16.84408  8.957  1.89  1.39
  42 20140825 020807.029 64.82519 -16.88301 12.447  1.94  1.39
  43 20140825 020831.914 64.85674 -16.84260  9.289  2.04  1.23
  44 20140825 021424.007 64.86217 -16.84192  8.758  1.65  1.26
  45 20140825 021715.119 64.85925 -16.84702 10.505  2.33  2.13
  46 20140825 022118.483 64.50713 -17.71079 10.234  2.25  1.41
  47 20140825 022234.596 64.85715 -16.84567 10.480  1.91  1.79
  48 20140825 022711.962 64.85343 -16.85112  7.114  2.53  2.08
  49 20140825 023054.678 64.80096 -16.88998  4.892  3.03  2.81
  50 20140825 023305.289 64.85633 -16.85205 10.424  2.67  2.24
  51 20140825 023510.353 64.85505 -16.84854 12.127  3.05  3.15
  52 20140825 023907.547 64.85786 -16.84500  9.985  2.50  2.46
  53 20140825 024534.791 64.85609 -16.84097  8.051  3.19  3.08
  54 20140825 024611.944 64.85610 -16.84624  9.446  2.94  2.42
  55 20140825 024813.583 64.85506 -16.84364 11.728  2.97  3.07
  56 20140825 025205.194 64.85271 -16.84630 13.189  2.50  2.33
  57 20140825 025540.408 64.80285 -16.90855 10.309  2.67  2.25
  58 20140825 025609.040 64.85441 -16.85151 12.772  1.99  1.99
  59 20140825 025731.128 64.85497 -16.84433  7.917  3.48  3.42
  60 20140825 030442.005 64.85862 -16.84201 11.895  2.85  2.89
  61 20140825 030724.982 64.85254 -16.86370  4.718  2.38  1.95
  62 20140825 033046.815 64.82494 -16.87884 11.212  1.71  1.56
  63 20140825 033114.497 64.84981 -16.85321 10.383  2.81  2.56
  64 20140825 033226.974 64.85144 -16.84974 11.212  1.76  1.58
  65 20140825 033416.429 64.85184 -16.84913 11.571  1.44  1.25
  66 20140825 033811.084 64.85113 -16.84307 11.598  1.44  1.41
  67 20140825 033914.935 64.84925 -16.85053 11.991  3.54  3.47
  68 20140825 034231.911 64.86314 -16.85719 10.973  1.83  1.68
  69 20140825 034316.010 64.84915 -16.85192 10.918  1.76  1.59
  70 20140825 034335.415 64.79960 -16.89936  6.366  2.77  2.44
  71 20140825 034429.016 64.85223 -16.85624 10.620  1.92  1.67
  72 20140825 034508.264 64.84968 -16.85785 10.825  2.44  2.23
  73 20140825 034820.193 64.84908 -16.84756  7.469  2.77  2.68
  74 20140825 035250.886 64.83127 -16.86993 12.173  1.44  1.03
  75 20140825 035334.294 64.84961 -16.85117  8.368  1.67  1.48
  76 20140825 035557.912 64.85820 -16.84354 11.067  1.00  0.79
  77 20140825 040502.013 64.85390 -16.84430  7.295  2.67  2.47
  78 20140825 040657.057 64.84851 -16.85682 10.965  2.45  2.00
  79 20140825 040810.642 64.84983 -16.85680 10.925  2.91  2.57
  80 20140825 040921.645 64.84814 -16.85940 11.522  1.54  1.32
  81 20140825 040944.505 64.84841 -16.85612 10.653  2.33  2.00
  82 20140825 041030.907 64.84734 -16.85063  9.643  1.58  1.45
  83 20140825 041046.205 64.78538 -16.91903 10.063  1.68  1.54
  84 20140825 041102.626 64.84454 -16.85203 11.892  1.68  1.09
  85 20140825 041147.435 64.85214 -16.85373 10.398  2.58  2.53
  86 20140825 041443.851 64.83379 -16.86735 11.544  2.13  1.82
  87 20140825 041500.209 64.83192 -16.87042 12.814  1.75  1.74
  88 20140825 041612.613 64.84702 -16.85760 10.657  2.36  2.00
  89 20140825 042238.288 64.84741 -16.85107 11.385  2.37  2.44
  90 20140825 042948.018 64.85001 -16.85708 11.864  2.79  2.35
  91 20140825 043252.628 64.84973 -16.85007  8.890  3.24  2.90
  92 20140825 043609.677 64.80151 -16.89095 11.366  3.19  2.84
  93 20140825 043901.001 64.84143 -16.86196 11.471  2.17  1.86
  94 20140825 044001.441 64.85741 -16.84273 12.047  3.07  2.88
  95 20140825 044159.459 64.66938 -17.45339  6.608  2.34  2.41
  96 20140825 044516.703 64.85082 -16.85241 11.951  2.17  1.98
  97 20140825 044739.451 64.85519 -16.85182 12.858  1.39  1.50
  98 20140825 045121.627 64.83577 -16.87108 11.759  1.55  1.36
  99 20140825 045143.099 64.84971 -16.85249 11.356  1.07  0.96
 100 20140825 045409.458 64.84519 -16.86372 10.909  1.46  1.22
 101 20140825 051540.477 64.83071 -16.87181 11.115  2.39  2.08
 102 20140825 052822.656 64.85346 -16.84194 10.923  2.23  1.91
 103 20140825 053049.537 64.82478 -16.88156 11.812  1.41  1.56
 104 20140825 053454.081 64.85574 -16.84623 11.214  1.65  1.52
 105 20140825 053729.423 64.85545 -16.84947 10.564  2.45  2.10
 106 20140825 054113.551 64.85596 -16.84614  9.700  2.32  1.87
 107 20140825 054554.336 64.81171 -16.89345  8.401  1.55  1.43
 108 20140825 054736.454 64.85351 -16.85901  9.951  1.35  1.24
 109 20140825 054821.447 64.82553 -16.87786  6.716  2.03  1.59
 110 20140825 060821.658 64.85555 -16.84404  8.031  3.57  3.30
 111 20140825 061420.783 64.83547 -16.87512 10.609  2.45  2.11
 112 20140825 072011.953 64.83834 -16.87619 11.409  2.83  2.74
 113 20140825 073814.909 64.83431 -16.87414 12.430  3.06  2.74
 114 20140825 074055.721 64.83915 -16.87538  7.975  1.97  1.78
 115 20140825 074246.081 64.80608 -16.90539 13.172  2.58  2.19
 116 20140825 082201.031 64.84084 -16.86759  9.957  3.18  2.54
 117 20140825 082259.281 64.79581 -16.89051 10.017  2.24  2.13
 118 20140825 091816.107 63.65928 -19.05835  0.135  1.73  1.39
 119 20140825 091925.052 63.66706 -19.07389  9.172  1.06  0.58
 120 20140825 094432.265 64.85922 -16.85065 13.260  3.14  2.67
 121 20140825 095532.106 64.83503 -16.87418 13.470  2.94  2.49
 122 20140825 102327.604 64.86250 -16.86908  9.995  3.25  2.81
 123 20140825 102647.359 64.86910 -16.83084 12.645  2.17  1.54
 124 20140825 103008.137 64.83907 -16.87857 10.574  2.16  1.67
 125 20140825 104359.893 64.86577 -16.83963  9.995  2.95  2.17
 126 20140825 105840.572 66.21762 -18.25259 12.145  1.40  1.83
 127 20140825 110247.357 64.85345 -16.85965 10.756  2.01  1.65
 128 20140825 113010.066 64.80488 -16.90340 10.623  3.00  2.59
 129 20140825 115318.776 64.67200 -17.45727  6.478  2.42  2.61
 130 20140825 122322.447 64.86648 -16.83873 11.739  2.33  2.06
 131 20140825 130020.334 64.86002 -16.84795  9.794  2.22  2.00
 132 20140825 130219.208 64.85623 -16.84464 11.718  2.26  1.79
 133 20140825 131028.278 64.85989 -16.83778  9.792  2.70  2.16
 134 20140825 133928.004 64.86013 -16.83966  7.632  2.07  1.91
 135 20140825 140326.725 64.85467 -16.84101  8.585  2.65  2.34
 136 20140825 141437.237 64.85571 -16.84202 11.377  2.63  2.33
 137 20140825 142848.733 64.85610 -16.84727  6.638  2.45  2.27
 138 20140825 151002.733 64.85733 -16.84678 11.998  1.80  1.63
 139 20140825 151129.152 64.84807 -16.85370 11.942  3.04  2.87
 140 20140825 151834.688 64.85616 -16.84472 12.345  1.34  1.46
 141 20140825 151926.517 64.85816 -16.84644 11.290  3.01  2.73
 142 20140825 152804.559 64.85275 -16.85749 11.058  1.53  1.79
 143 20140825 161219.458 64.76405 -17.86190  0.399  2.40  1.80
 144 20140825 161903.174 64.61208 -17.47208  1.952  5.11  3.68
 145 20140825 162551.606 66.22416 -18.27230  8.798  1.23  1.59
 146 20140825 163643.771 64.86121 -16.85431  9.995  3.20  3.01
 147 20140825 181418.406 66.13906 -16.64758 10.117  0.41  0.56
 148 20140825 182412.631 64.83832 -16.87459  9.941  3.02  2.49
 149 20140825 185855.440 64.85320 -16.85805 10.659  2.18  2.01
 150 20140825 190114.074 64.86622 -16.84929 12.996  2.07  1.93
 151 20140825 190157.859 64.86608 -16.84387 12.124  2.04  1.78
 152 20140825 190330.148 64.86503 -16.84543 11.997  2.31  2.06
 153 20140825 190456.070 64.86919 -16.83961 12.141  1.71  1.50
 154 20140825 190551.256 64.86995 -16.84054 12.210  1.64  1.42
 155 20140825 191223.636 64.86394 -16.84879 12.246  2.41  2.03
 156 20140825 193824.306 64.85149 -16.85773 10.192  2.35  1.88
 157 20140825 194045.539 64.88068 -16.85216 13.133  1.78  1.82
 158 20140825 194221.575 64.83313 -16.88275 12.336  2.29  1.95
 159 20140825 194508.724 64.86054 -16.84740 11.643  1.56  1.43
 160 20140825 194555.503 64.87894 -16.83116 11.446  1.81  1.67
 161 20140825 194811.432 64.87033 -16.84101 11.801  2.06  1.67
 162 20140825 195218.998 64.86517 -16.84252 11.780  1.81  1.51
 163 20140825 195344.786 64.86989 -16.83796 12.031  1.79  1.68
 164 20140825 195500.407 64.87025 -16.83696 11.664  1.84  1.54
 165 20140825 200001.627 64.85696 -16.85741 11.476  2.30  1.98
 166 20140825 200918.287 64.87584 -16.83908 11.647  1.45  1.74
 167 20140825 200923.727 64.85184 -16.85706 12.413  1.95  1.69
 168 20140825 202703.136 64.66603 -17.42345  8.832  2.43  2.38
 169 20140825 203041.077 64.86231 -16.84692 12.097  1.89  1.69
 170 20140825 203158.877 64.87019 -16.84466 12.311  2.64  2.39
 171 20140825 203706.100 64.86049 -16.84948  9.446  1.98  1.62
 172 20140825 204303.675 64.86391 -16.84357 11.927  1.62  1.41
 173 20140825 205026.777 64.87579 -16.83564  9.581  2.09  1.66
 174 20140825 205100.125 64.88566 -16.82941 12.839  1.93  1.50
 175 20140825 210426.600 64.86237 -16.84764 11.776  1.66  1.59
 176 20140825 210905.019 64.86280 -16.84587 11.502  1.86  1.51
 177 20140825 211402.707 64.87611 -16.83260 11.646  1.85  1.55
 178 20140825 212057.099 64.87680 -16.83548  9.682  1.78  1.53
 179 20140825 212148.292 64.87818 -16.83620 12.425  1.77  1.50
 180 20140825 212351.130 64.87597 -16.83913 12.458  1.92  1.75
 181 20140825 213054.131 64.87678 -16.83674 12.689  1.91  1.73
 182 20140825 214009.941 64.67085 -17.45431  7.494  2.25  2.14
 183 20140825 214117.547 64.87331 -16.83606 11.627  2.11  1.71
 184 20140825 214319.616 64.87784 -16.84295 14.087  1.82  1.54
 185 20140825 214613.111 64.86886 -16.83526  9.406  2.07  1.61
 186 20140825 214724.228 64.87501 -16.83605  9.369  2.24  1.60
 187 20140825 214845.365 64.87862 -16.82999 12.390  1.78  1.80
 188 20140825 215126.120 64.87490 -16.83962 12.444  1.81  1.48
 189 20140825 215232.819 64.86343 -16.85060 12.874  2.17  1.82
 190 20140825 215821.359 64.88440 -16.82954 12.478  2.00  1.80
 191 20140825 220026.455 64.87959 -16.83453 11.014  1.53  1.22
 192 20140825 220127.948 64.88589 -16.82997 12.486  1.80  1.63
 193 20140825 220144.651 64.87628 -16.83502 11.994  2.23  1.74
 194 20140825 220447.236 64.87261 -16.83995 12.269  1.94  1.73
 195 20140825 220637.530 64.87302 -16.83723 11.536  1.91  1.61
 196 20140825 220807.981 64.87008 -16.84203  9.734  2.57  1.93
 197 20140825 221426.313 64.86237 -16.85140 12.519  3.37  3.41
 198 20140825 222105.947 63.64150 -19.08805  0.135  2.34  1.82
 199 20140825 222129.892 64.62677 -17.38004  4.541  2.86  3.27
 200 20140825 222306.245 64.87071 -16.83686 11.716  1.87  1.71
 201 20140825 223003.029 64.87131 -16.84333 11.718  2.61  2.31
 202 20140825 223244.750 64.87735 -16.83560 11.910  1.99  1.79
 203 20140825 224139.030 64.87522 -16.83658 11.499  2.46  2.11
 204 20140825 224749.802 64.86533 -16.84728 11.952  2.72  2.57
 205 20140825 231255.392 64.87438 -16.83801  8.142  3.07  2.53
 206 20140825 232645.263 64.87372 -16.84069 11.974  2.62  2.21
 207 20140826 000127.472 64.85265 -16.86078 14.251  1.56  1.62
 208 20140826 000230.482 64.87810 -16.83158 11.793  2.29  1.90
 209 20140826 000418.827 64.87791 -16.83542  9.608  2.01  1.56
 210 20140826 000501.522 64.83753 -16.87350 12.597  2.30  2.06
 211 20140826 000526.797 64.85766 -16.85865 13.966  2.18  1.76
 212 20140826 000634.129 64.88221 -16.82934  9.446  2.27  1.83
 213 20140826 000651.508 64.86003 -16.87417 12.185  1.93  1.41
 214 20140826 000952.331 64.87785 -16.83808 11.371  1.76  1.73
 215 20140826 001558.000 64.85591 -16.84875  9.778  1.46  1.34
 216 20140826 002049.121 64.83297 -16.86830 13.092  2.07  2.04
 217 20140826 002931.928 64.85014 -16.85315 13.390  2.49  1.99
 218 20140826 003256.621 64.75663 -16.94637 15.337  2.30  1.88
 219 20140826 003421.324 64.87174 -16.83327 13.098  2.53  2.23
 220 20140826 004243.089 64.85806 -16.84698 13.631  1.94  1.37
 221 20140826 005547.960 64.85580 -16.85624 12.008  2.29  2.01
 222 20140826 005709.390 64.86426 -16.84272 13.236  1.84  1.59
 223 20140826 010158.963 64.80619 -16.93930 14.118  1.83  1.65
 224 20140826 011012.824 64.83607 -16.87633 12.034  2.63  2.26
 225 20140826 011138.151 64.78844 -16.93859 19.010  1.92  1.17
 226 20140826 011721.774 64.86695 -16.84390 11.211  2.00  1.57
 227 20140826 011909.935 64.26604 -17.55743 10.654  1.92  1.10
 228 20140826 012039.208 64.83921 -16.84858 11.626  2.03  1.22
 229 20140826 012530.049 64.86305 -16.85091 10.983  2.06  1.18
 230 20140826 012606.110 64.67715 -17.47328  6.191  4.13  3.96
 231 20140826 013123.678 64.84879 -16.85453 13.714  2.54  2.24
 232 20140826 013123.679 64.84916 -16.85452 13.630  2.54  2.26
 233 20140826 013324.513 64.86063 -16.84817 12.437  2.22  2.00
 234 20140826 013516.790 64.80087 -16.91313 13.736  3.02  2.30
 235 20140826 014458.206 64.82879 -16.87254 10.596  1.48  0.90
 236 20140826 014845.641 64.83172 -16.88352 12.369  2.08  1.69
 237 20140826 015156.515 64.80418 -16.89489  0.135  2.21  1.77
 238 20140826 015307.289 64.84957 -16.85256 13.876  2.39  1.82
 239 20140826 015434.488 64.80932 -16.90897 12.365  2.13  1.55
 240 20140826 015725.280 64.85009 -16.85704 12.277  2.15  1.96
 241 20140826 021022.882 64.85311 -16.85639 10.073  1.98  1.70
 242 20140826 023338.976 64.85985 -16.85313 10.554  2.68  2.27
 243 20140826 023617.893 64.85966 -16.84448 13.307  3.38  3.33
 244 20140826 023933.956 65.70645 -16.74631  0.135  1.19  0.59
 245 20140826 024013.584 65.70630 -16.74727  0.135  1.64  0.99
 246 20140826 024015.978 64.80932 -16.90843 12.720  2.40  2.16
 247 20140826 024159.856 64.83745 -16.88604  8.510  2.10  1.64
 248 20140826 024501.518 64.80762 -16.90730 12.388  2.87  2.43
 249 20140826 024817.191 64.85185 -16.85967 12.839  2.42  1.11
 250 20140826 030120.703 64.82909 -16.87755 11.737  2.38  1.91
 251 20140826 030414.587 64.86372 -16.84559 11.432  2.30  2.11
 252 20140826 030847.205 64.82339 -16.89804 12.729  2.00  1.65
 253 20140826 031450.018 64.80299 -16.91155 12.546  2.37  2.11
 254 20140826 032459.722 64.80911 -16.94557 13.389  2.15  1.69
 255 20140826 034508.782 64.80603 -16.90321 12.882  2.99  2.41
 256 20140826 040014.347 64.85145 -16.85599 12.801  2.09  1.63
 257 20140826 041406.288 64.85982 -16.85078 12.553  2.25  1.78
 258 20140826 042538.484 64.83227 -16.88719 12.218  2.28  1.62
 259 20140826 045415.371 64.85616 -16.84410 10.142  2.47  1.95
 260 20140826 051212.623 64.85875 -16.85363 11.493  2.66  2.06
 261 20140826 051942.636 64.82447 -16.88380 12.281  1.76  1.49
 262 20140826 053110.405 64.80368 -16.90326 11.152  2.44  2.63
 263 20140826 054237.217 65.03910 -16.46654  0.191  1.16  0.89
 264 20140826 054551.936 66.21873 -18.25222 11.168  1.58  2.15
 265 20140826 055542.143 64.82307 -16.90081 12.625  1.66  1.35
 266 20140826 061605.089 65.05599 -16.56594  2.824  2.42  1.95
 267 20140826 064740.000 65.05113 -16.55378  3.776  1.92  0.89
 268 20140826 064921.345 64.83634 -16.88292 12.522  2.34  1.65
 269 20140826 065400.169 64.80752 -16.90587 13.486  1.79  1.64
 270 20140826 070447.104 64.80624 -16.90345 12.411  2.19  2.27
 271 20140826 071026.091 65.03621 -16.62001  3.927  0.97  0.85
 272 20140826 071317.731 65.03391 -16.61884  4.095  1.86  1.46
 273 20140826 072425.014 65.05305 -16.57979  3.450  1.54  1.08
 274 20140826 072901.231 65.03840 -16.61378  4.027  1.39  1.13
 275 20140826 073317.195 64.80358 -16.89485  9.318  2.10  2.22
 276 20140826 073456.977 65.03965 -16.61088  4.049  0.94  0.83
 277 20140826 081022.387 65.04250 -16.60314  4.114  1.44  1.26
 278 20140826 082134.442 64.80444 -16.90713  9.736  2.85  2.48
 279 20140826 083416.470 64.80370 -16.90030 11.580  2.97  3.05
 280 20140826 084808.898 64.65752 -17.53747  6.996  1.89  1.95
 281 20140826 085222.228 64.67104 -17.47585  0.670  1.38  1.60
 282 20140826 092029.895 64.80130 -16.90538  9.950  2.31  2.37
 283 20140826 092805.726 63.54815 -19.10710  0.135  0.84  0.43
 284 20140826 102909.976 64.82771 -16.88025  6.476  2.37  1.77
 285 20140826 104228.215 64.84656 -16.85934  7.174  2.80  2.34
 286 20140826 104651.205 64.67238 -17.45948  7.166  2.45  2.42
 287 20140826 105704.709 64.68161 -17.55272  7.331  2.00  1.34
 288 20140826 111529.603 63.60630 -19.11268  2.453  1.29  0.96
 289 20140826 111613.126 63.60640 -19.11555  2.187  1.21  0.80
 290 20140826 111850.957 64.80119 -16.90088  5.572  2.39  2.37
 291 20140826 114254.329 64.80576 -16.90090  9.391  2.33  1.98
 292 20140826 114909.126 64.79980 -16.90250 12.660  2.90  2.66
 293 20140826 115152.410 64.80102 -16.89152 12.458  2.56  2.65
 294 20140826 115453.999 64.80469 -16.90730 10.227  2.25  2.15
 295 20140826 115645.664 64.80038 -16.89701  8.173  4.63  4.02
 296 20140826 120353.086 64.80176 -16.90323  3.939  1.73  1.60
 297 20140826 120552.293 64.79995 -16.89734 10.517  2.55  2.34
 298 20140826 121750.227 64.80141 -16.90816 11.647  2.39  2.21
 299 20140826 130457.138 64.80296 -16.90018  9.816  2.42  2.12
 300 20140826 133015.359 64.81846 -16.89247  9.469  2.31  1.77
 301 20140826 133053.067 64.85859 -16.84418  9.463  2.25  1.77
 302 20140826 135458.445 64.83401 -16.87155  7.141  2.71  2.54
 303 20140826 140114.260 64.83411 -16.87356  9.795  2.46  2.17
 304 20140826 140238.566 64.66832 -17.61442  6.323  2.59  2.42
 305 20140826 143413.837 64.65610 -17.53950  8.455  2.49  2.26
 306 20140826 145901.579 66.23044 -16.49284  7.810  0.92  0.97
 307 20140826 150147.083 64.77446 -16.94164 11.348  1.68  1.40
 308 20140826 152020.598 64.85878 -16.85294 10.526  2.45  2.22
 309 20140826 153456.651 64.65562 -17.53506  4.596  1.41  1.20
 310 20140826 153953.549 64.79652 -16.88427 10.722  2.50  2.00
 311 20140826 155436.661 64.65377 -17.54725  7.477  1.96  1.43
 312 20140826 155940.310 64.80940 -16.90197 12.645  1.78  1.35
 313 20140826 161802.109 64.66290 -17.54357  6.023  1.50  0.92
 314 20140826 162054.453 64.83197 -16.87580  7.970  2.33  1.92
 315 20140826 164023.089 64.85725 -16.84456  8.084  2.60  2.57
 316 20140826 170949.316 64.64380 -17.53102  9.393  2.09  1.55
 317 20140826 171326.305 64.80063 -16.90179  8.054  3.27  2.81
 318 20140826 171903.243 64.66390 -17.55321  5.339  1.94  1.66
 319 20140826 173421.490 64.78632 -16.92327 12.408  1.83  1.76
 320 20140826 175120.945 64.80744 -16.93204 10.495  1.50  1.40
 321 20140826 183226.674 64.84608 -16.86692 10.646  1.39  1.36
 322 20140826 183315.661 64.64617 -17.58674  0.135  1.44  1.17
 323 20140826 183545.433 64.78288 -16.87334 12.463  1.20  0.99
 324 20140826 183602.621 64.84661 -16.87552 13.739  1.44  0.90
 325 20140826 183622.882 64.84109 -16.87595 11.855  1.32  1.32
 326 20140826 184534.473 64.61080 -17.51989  4.951  1.62  1.30
 327 20140826 184631.048 64.62212 -17.49965  8.762  1.94  1.55
 328 20140826 184908.778 64.82793 -16.87471 12.010  1.57  1.19
 329 20140826 185019.239 64.61985 -17.43631  6.458  2.84  2.57
 330 20140826 185117.488 64.67086 -17.57818  6.724  1.51  1.28
 331 20140826 185451.748 64.79158 -16.90472 10.183  1.57  1.04
 332 20140826 185526.086 64.79649 -16.92250 14.606  0.88  0.76
 333 20140826 190845.234 64.84860 -16.86073 10.611  2.97  2.85
 334 20140826 190932.949 64.77631 -16.93480 10.178  2.33  2.25
 335 20140826 191048.537 64.84685 -16.85869 11.818  1.37  1.19
 336 20140826 191735.636 64.80449 -16.90099 13.404  2.63  2.73
 337 20140826 192023.266 64.65607 -17.52690  6.543  2.76  2.56
 338 20140826 192349.363 64.84155 -16.86222 12.458  1.79  1.66
 339 20140826 192545.187 64.85254 -16.85688 12.086  2.26  1.87
 340 20140826 192727.881 64.88036 -16.84367  9.428  1.42  1.38
 341 20140826 192826.935 64.78266 -16.92471 11.622  1.45  1.12
 342 20140826 192931.159 64.79900 -16.95654 13.085  1.64  1.53
 343 20140826 193004.179 64.85161 -16.85330 10.945  1.96  1.82
 344 20140826 193114.910 64.86573 -16.84653  7.676  1.51  1.43
 345 20140826 194317.474 64.85695 -16.83766 11.536  1.25  1.05
 346 20140826 194347.899 64.66969 -17.46316  3.942  3.78  2.74
 347 20140826 194531.795 64.79665 -16.92140 15.241  1.58  1.24
 348 20140826 195042.636 64.80167 -16.90164 11.428  1.67  1.38
 349 20140826 195105.306 64.86962 -16.84436  8.151  2.32  2.18
 350 20140826 195243.055 64.84840 -16.86494 12.518  2.27  2.10
 351 20140826 195330.736 64.84562 -16.86467 13.436  2.27  2.00
 352 20140826 195547.044 64.85829 -16.85522 11.759  2.63  2.10
 353 20140826 195923.196 64.80229 -16.89802  9.683  1.52  1.41
 354 20140826 200025.674 64.84714 -16.85169 12.870  1.53  1.15
 355 20140826 200054.849 64.64467 -17.53009  2.891  1.49  0.88
 356 20140826 200112.750 64.82458 -16.88251 13.096  1.39  1.52
 357 20140826 200207.129 64.85893 -16.85115 12.325  1.09  0.75
 358 20140826 200326.008 64.83810 -16.87540 11.982  2.37  2.21
 359 20140826 200423.834 64.78606 -16.93419 13.882  1.55  1.27
 360 20140826 204709.669 64.85999 -16.85181 12.642  2.01  1.88
 361 20140826 204926.596 64.86284 -16.84674 13.313  3.24  2.98
 362 20140826 205915.897 64.85101 -16.85991 11.975  2.32  2.16
 363 20140826 205935.327 64.80608 -16.89471 13.782  3.15  3.20
 364 20140826 210522.000 64.84516 -16.87208 15.205  1.65  1.28
 365 20140826 210620.115 65.05645 -16.50005  3.190  1.10  0.91
 366 20140826 210721.719 64.86211 -16.84914 11.895  2.53  2.05
 367 20140826 211404.038 64.82127 -16.87808 12.039  1.47  1.21
 368 20140826 211446.294 64.86712 -16.83906  7.397  1.39  1.32
 369 20140826 211615.491 64.78352 -16.93962 13.311  1.55  1.28
 370 20140826 211636.184 64.77375 -16.92340  9.827  1.03  0.94
 371 20140826 211656.637 64.85877 -16.85495 11.159  1.81  1.35
 372 20140826 212918.749 64.80596 -16.90841 11.030  2.51  2.19
 373 20140826 213018.219 64.80562 -16.89785 12.683  2.47  2.28
 374 20140826 213304.537 64.80508 -16.92441  6.726  2.01  1.59
 375 20140826 213453.360 64.79417 -16.91714  5.548  1.38  1.04
 376 20140826 213745.695 64.77798 -16.93859 13.551  1.27  1.04
 377 20140826 214142.896 64.86375 -16.84839 11.560  1.75  1.35
 378 20140826 214214.745 64.80861 -16.90402 11.304  2.20  1.60
 379 20140826 214320.241 64.82940 -16.85888 13.153  1.09  0.87
 380 20140826 214329.037 64.65965 -17.36769 16.889  1.58  1.04
 381 20140826 214804.635 64.60691 -17.48499 19.635  1.50  1.26
 382 20140826 215839.887 64.78716 -16.92087 14.323  1.88  1.59
 383 20140826 222506.446 64.89874 -16.77618 12.452  1.36  0.70
 384 20140826 222651.394 64.79514 -16.90555  5.005  2.87  2.20
 385 20140826 222715.443 64.69173 -17.50665  4.617  1.71  1.81
 386 20140826 222801.106 64.87289 -16.85236 12.071  2.14  1.84
 387 20140826 223026.725 64.86425 -16.84889 11.657  1.85  1.44
 388 20140826 223132.351 64.82032 -16.90358 12.155  1.63  1.44
 389 20140826 224728.011 64.78840 -16.92942 14.948  1.25  1.12
 390 20140826 224821.009 64.86396 -16.84765 12.365  2.16  1.65
 391 20140826 225004.029 64.86188 -16.84711  6.372  2.08  1.87
 392 20140826 225415.773 64.80318 -16.90311 11.198  3.15  3.27
 393 20140826 230649.469 64.61969 -17.34917  4.273  1.83  1.73
 394 20140826 230700.199 64.66721 -17.46335  4.015  2.95  2.36
 395 20140826 231035.037 64.79451 -16.92274 12.784  1.61  1.27
 396 20140826 231142.003 64.79936 -16.91248 13.268  1.80  1.75
 397 20140826 231157.233 64.85662 -16.84770  7.526  2.23  2.20
 398 20140826 231252.539 64.85897 -16.84985 12.395  1.43  1.08
 399 20140826 231418.246 64.67932 -17.52266  0.059  0.74  0.51
 400 20140826 231635.477 64.77359 -16.88713 13.305  1.16  0.99
 401 20140826 231741.120 64.79298 -16.89956  9.785  1.57  1.32
 402 20140826 231848.134 64.80818 -16.91263 14.085  1.67  1.35
 403 20140826 232000.515 64.80174 -16.92074 11.523  1.31  1.11
 404 20140826 232124.542 64.86361 -16.85394 12.596  1.61  1.45
 405 20140826 232349.817 64.40954 -17.41011  0.135  2.02  1.61
 406 20140826 233119.037 64.87098 -16.85000 10.273  1.60  1.39
 407 20140826 233139.848 64.78966 -16.89928 12.081  1.41  1.15
 408 20140826 233912.344 64.78714 -16.89552 13.541  2.04  1.84
 409 20140826 234016.887 64.87419 -16.84327  9.222  1.37  1.25
 410 20140826 234036.104 66.21918 -18.25472 11.551  0.92  1.43
 411 20140826 234041.379 64.81418 -16.91587 13.715  1.81  1.50
 412 20140826 234137.477 65.02087 -16.69120  5.255  1.41  0.97
 413 20140827 000228.882 64.75974 -16.94729 12.872  1.62  1.26
 414 20140827 000503.967 64.87162 -16.83646 10.932  1.42  1.31
 415 20140827 000545.832 64.66135 -17.54068  5.304  2.02  1.98
 416 20140827 000623.955 64.77880 -16.93212 14.581  1.41  1.22
 417 20140827 001029.560 64.64573 -17.33919  4.644  1.48  1.53
 418 20140827 001337.951 64.87142 -16.83911  9.132  2.18  1.76
 419 20140827 001628.104 64.62304 -17.47468  6.382  5.43  4.13
 420 20140827 002817.841 65.04132 -16.51569  3.947  1.89  1.67
 421 20140827 005651.579 66.22418 -18.24930 10.844  0.73  1.13
 422 20140827 011913.855 66.25636 -16.64499  6.849  0.81  0.61
 423 20140827 012828.950 64.65690 -17.53795  6.749  2.62  2.22
 424 20140827 014042.378 64.87807 -16.83431  9.449  1.98  1.62
 425 20140827 014832.685 64.87835 -16.84225 10.914  2.19  2.03
 426 20140827 015202.032 65.02230 -16.65262  4.028  4.52  4.07
 427 20140827 015340.430 64.86091 -16.84701 12.827  3.33  3.28
 428 20140827 015551.844 64.86415 -16.85001 12.039  2.72  2.66
 429 20140827 015911.957 65.02583 -16.64587  3.809  2.24  2.08
 430 20140827 020058.989 65.02288 -16.65760  3.699  2.25  2.07
 431 20140827 022047.625 64.87383 -16.83181 13.129  2.64  2.15
 432 20140827 023517.123 64.86094 -16.84753 13.197  3.09  2.97
 433 20140827 024229.198 65.02866 -16.65443  4.284  2.17  1.67
 434 20140827 025036.573 64.65322 -17.37260  6.220  5.25  3.89
 435 20140827 030545.320 64.87941 -16.83661  9.283  2.24  1.96
 436 20140827 031338.563 64.88132 -16.84258 11.792  2.66  2.40
 437 20140827 033854.822 64.89139 -16.84135 13.966  2.36  2.19
 438 20140827 033950.432 64.88467 -16.82821  9.219  2.21  2.04
 439 20140827 034013.448 64.88779 -16.84282 10.063  1.94  1.57
 440 20140827 034121.365 64.87957 -16.84055 12.206  2.50  2.22
 441 20140827 034211.226 64.88937 -16.83518  7.130  2.97  2.82
 442 20140827 034317.289 64.88453 -16.83414 13.236  2.37  1.98
 443 20140827 034349.017 64.88691 -16.82558 14.005  1.88  1.59
 444 20140827 034412.832 64.88017 -16.83126 10.339  1.84  1.64
 445 20140827 034602.000 64.88078 -16.83600 11.921  2.43  2.08
 446 20140827 034921.177 64.88419 -16.83219 11.144  2.12  1.72
 447 20140827 035037.308 64.89342 -16.83671 13.943  1.82  1.59
 448 20140827 035106.483 64.88673 -16.83262 10.915  2.74  2.45
 449 20140827 035129.628 64.87875 -16.83396 12.530  2.09  1.97
 450 20140827 044354.736 64.88779 -16.83458  9.105  2.66  2.61
 451 20140827 044503.576 64.88528 -16.83586 11.702  2.47  2.37
 452 20140827 045336.154 64.88612 -16.83722 12.678  2.16  2.17
 453 20140827 045459.922 64.89030 -16.83255 10.646  2.72  2.51
 454 20140827 054320.164 63.66293 -19.32656  0.135  1.02  0.99
 455 20140827 054421.552 64.88272 -16.83445  9.278  2.26  2.18
 456 20140827 054436.905 64.86334 -16.84889 12.332  2.10  2.11
 457 20140827 062107.867 64.86456 -16.84860 12.840  2.41  2.30
 458 20140827 062334.927 64.86609 -16.84980 12.112  2.23  2.09
 459 20140827 062418.553 64.86375 -16.84913 12.811  2.38  2.41
 460 20140827 062642.407 64.87199 -16.82448 11.789  1.68  1.82
 461 20140827 062818.407 64.86301 -16.85203 12.066  2.70  2.55
 462 20140827 064635.091 64.88453 -16.83395 10.130  1.83  1.60
 463 20140827 065342.490 64.87065 -16.84108 13.077  2.02  1.68
 464 20140827 065523.943 64.86616 -16.84369 11.557  1.40  1.44
 465 20140827 065634.135 64.88347 -16.83427 12.369  1.99  1.90
 466 20140827 065823.344 64.89000 -16.82796 13.640  2.39  2.04
 467 20140827 065905.757 64.88312 -16.83467 10.312  1.91  1.66
 468 20140827 073135.814 64.85551 -16.86559 13.469  1.76  1.51
 469 20140827 073308.059 64.86367 -16.85153  6.725  1.54  1.36
 470 20140827 073402.857 64.86910 -16.83150 13.485  1.75  1.76
 471 20140827 073537.655 64.86573 -16.84761 14.052  2.21  1.69
 472 20140827 083903.597 64.85497 -16.85833  9.152  2.00  1.59
 473 20140827 095300.978 64.86014 -16.84620  9.566  2.55  2.39
 474 20140827 100827.488 64.88066 -16.84248  9.995  1.97  1.76
 475 20140827 101106.339 64.88181 -16.84417  8.035  1.76  1.41
 476 20140827 101423.922 64.63550 -17.36728  8.669  2.02  1.60
 477 20140827 101642.671 64.86710 -16.85222 10.898  1.28  0.82
 478 20140827 102945.653 66.21777 -18.26616  9.011  0.92  1.25
 479 20140827 103942.288 64.85703 -16.85268  7.113  2.09  1.92
 480 20140827 105057.898 64.66992 -17.45635  4.983  2.40  2.33
 481 20140827 105417.129 64.86393 -16.85034  8.884  1.78  1.31
 482 20140827 112640.600 64.86300 -16.84686  8.822  2.09  1.79
 483 20140827 115936.529 64.86321 -16.84633  9.755  2.06  1.70
 484 20140827 122005.541 64.86999 -16.84940  8.852  1.21  1.14
 485 20140827 123628.344 64.83108 -16.87407  7.315  2.06  1.72
 486 20140827 131335.045 64.80540 -16.90791 13.296  2.35  1.88
 487 20140827 134249.231 64.88430 -16.82862  6.824  2.29  1.99
 488 20140827 141240.611 64.85209 -16.85286 10.959  2.38  2.12
 489 20140827 142111.735 64.88862 -16.82453 12.070  2.37  2.21
 490 20140827 143035.324 64.89592 -16.82427 14.106  1.24  1.15
 491 20140827 144520.400 64.89049 -16.82219  8.797  2.45  2.14
 492 20140827 150930.214 64.88934 -16.82226 12.743  1.58  1.36
 493 20140827 151200.265 64.86205 -16.85167 12.280  1.99  1.80
 494 20140827 152533.062 66.21751 -18.27176  8.633  1.00  1.23
 495 20140827 154227.343 64.86433 -16.84347  9.390  2.38  2.16
 496 20140827 155855.845 64.87466 -16.84375 10.959  2.02  1.75
 497 20140827 161137.185 64.86674 -16.84551 10.998  1.07  0.90
 498 20140827 163319.347 64.90524 -16.83633  7.776  2.57  1.88
 499 20140827 163552.212 64.87176 -16.84150 12.971  1.66  1.46
 500 20140827 164046.568 64.80563 -16.91440 13.712  2.46  1.98
 501 20140827 164428.681 64.89063 -16.82190 11.641  1.64  1.62
 502 20140827 164853.965 64.88878 -16.82329 11.169  1.93  1.81
 503 20140827 164930.442 64.85242 -16.85652 12.161  1.66  1.49
 504 20140827 173156.074 64.66732 -17.46323  3.215  2.72  1.73
 505 20140827 173607.724 64.80314 -16.89496  7.235  2.50  2.10
 506 20140827 174818.314 64.67016 -17.46545  4.211  2.48  2.32
 507 20140827 191000.835 64.87233 -16.85236  9.400  1.29  1.22
 508 20140827 192411.149 64.05320 -21.27916  6.413  1.62  1.28
 509 20140827 193156.900 64.81929 -16.90883 14.771  1.65  1.27
 510 20140827 193401.431 64.87065 -16.84766 12.131  1.01  1.06
 511 20140827 194511.052 64.86274 -16.85139  7.669  1.71  1.46
 512 20140827 201709.801 64.86633 -16.83400 10.422  1.55  1.24
 513 20140827 203259.260 64.87823 -16.83646  7.650  2.16  1.81
 514 20140827 203615.537 64.84939 -16.85844  6.197  1.70  1.20
 515 20140827 203821.872 64.83069 -16.86882 11.379  2.17  1.72
 516 20140827 204208.331 64.85870 -16.84507 10.746  1.37  1.36
 517 20140827 204953.425 64.82743 -16.87184  9.421  1.96  1.94
 518 20140827 205215.216 64.84746 -16.85242 11.322  1.21  1.47
 519 20140827 210758.240 65.86269 -16.98447  4.210  1.09  0.85
 520 20140827 230115.259 64.85930 -16.85372 11.458  1.87  1.62
 521 20140827 230222.512 64.85638 -16.85487 13.038  1.55  1.30
 522 20140827 230456.740 65.03293 -16.58960  2.102  1.59  1.56
 523 20140827 231311.509 64.86894 -16.81940 15.561  1.27  1.23
 524 20140827 231506.264 64.86682 -16.84518 11.174  2.19  1.69
 525 20140827 231803.745 64.88875 -16.82862  9.787  1.90  1.78
 526 20140827 235344.709 64.66802 -17.44209  2.918  3.91  3.40
 527 20140828 000401.387 64.60914 -17.56249  0.840  1.85  1.22
 528 20140828 000517.234 64.87878 -16.81176 12.201  1.42  1.40
 529 20140828 012601.761 64.80630 -16.90793 13.795  2.56  2.19
 530 20140828 013052.889 64.63194 -17.38680  2.971  4.08  2.88
 531 20140828 021033.251 64.79925 -16.92011 16.787  1.47  1.11
 532 20140828 021056.782 64.80359 -16.90495 12.495  1.18  1.11
 533 20140828 021134.954 64.87075 -16.84324 13.697  1.60  1.07
 534 20140828 021326.487 64.86925 -16.83739 11.026  1.22  1.12
 535 20140828 021626.473 64.79443 -16.87697 14.751  1.37  1.12
 536 20140828 021730.031 64.86418 -16.85010 12.283  1.20  1.19
 537 20140828 022650.265 64.82897 -16.89086 13.793  1.72  1.50
 538 20140828 022740.627 64.88118 -16.83524 11.824  1.14  1.05
 539 20140828 022915.600 64.87214 -16.84061  8.872  1.13  0.98
 540 20140828 025158.229 64.79214 -16.93079 15.134  1.16  1.02
 541 20140828 025814.347 64.85558 -16.85885 13.503  1.93  1.72
 542 20140828 025938.109 64.85931 -16.84731 10.395  0.86  0.68
 543 20140828 033051.828 64.87747 -16.83764 12.896  1.73  1.67
 544 20140828 033130.669 64.66705 -17.45980  6.750  4.02  2.98
 545 20140828 035224.059 64.86462 -16.84651 12.545  2.10  1.97
 546 20140828 035312.149 64.80756 -16.89918 12.441  1.22  1.23
 547 20140828 035353.876 64.87163 -16.84817 11.615  1.62  1.48
 548 20140828 035504.191 64.84235 -16.87213 14.522  1.16  1.04
 549 20140828 035603.743 64.64236 -17.51176  0.423  1.55  1.24
 550 20140828 042354.801 64.61415 -17.45850  5.267  2.46  2.41
 551 20140828 042444.115 64.83851 -16.87673 10.230  2.92  2.45
 552 20140828 042552.840 64.80750 -16.91165 11.236  2.28  1.84
 553 20140828 042816.839 64.83166 -16.87022 11.217  1.61  1.45
 554 20140828 042955.516 64.81770 -16.90661  6.636  1.06  1.22
 555 20140828 043014.110 64.83592 -16.87207 14.066  2.01  1.52
 556 20140828 043114.352 64.83375 -16.86986 11.527  1.93  1.81
 557 20140828 043201.050 64.80896 -16.91946 14.561  1.88  1.33
 558 20140828 043313.269 65.00309 -16.53592  6.399  1.59  1.53
 559 20140828 043803.783 64.86226 -16.84704 13.884  2.37  2.15
 560 20140828 043911.515 64.82672 -16.89002 13.092  1.71  1.39
 561 20140828 044114.144 65.00545 -16.67030  1.957  1.55  1.27
 562 20140828 044232.073 64.85518 -16.85386 12.032  1.59  1.19
 563 20140828 044926.493 64.83850 -16.87001 11.127  1.36  1.29
 564 20140828 044954.268 64.83736 -16.87357  9.498  1.48  1.36
 565 20140828 045103.367 64.81089 -16.95217 13.933  1.52  1.34
 566 20140828 051600.703 64.05143 -21.26994  5.910  0.34  0.44
 567 20140828 052804.664 65.06023 -16.48468  2.013  1.59  1.54
 568 20140828 055043.620 66.21667 -18.26900  9.893  1.18  1.49
 569 20140828 061844.574 64.79787 -16.91706 11.812  1.61  1.50
 570 20140828 061915.224 64.87499 -16.84061 11.460  1.63  1.39
 571 20140828 062041.630 64.78799 -16.92914  0.010  1.63  1.48
 572 20140828 062151.579 64.82435 -16.88100 10.598  1.51  1.20
 573 20140828 062259.072 64.86407 -16.84693 11.551  2.02  1.68
 574 20140828 064139.841 64.85974 -16.85389  8.123  2.55  2.22
 575 20140828 071724.857 65.02481 -16.66224  3.389  1.82  1.38
 576 20140828 071750.657 65.02267 -16.66236  2.900  1.87  1.63
 577 20140828 072039.050 65.01643 -16.66904  2.623  1.75  1.52
 578 20140828 072624.257 64.86909 -16.84071 10.496  2.30  2.22
 579 20140828 073548.494 64.88059 -16.83132 13.244  2.52  2.22
 580 20140828 073642.230 64.86465 -16.85058 10.094  1.36  1.26
 581 20140828 074537.886 65.02286 -16.49305  1.301  2.63  2.81
 582 20140828 074811.806 64.80572 -16.92042 12.382  3.15  2.75
 583 20140828 081151.079 64.66907 -17.41681  6.485  3.86  3.16
 584 20140828 081340.419 64.66608 -17.38694  3.044  5.02  3.98
 585 20140828 084350.080 64.86176 -16.84614 12.588  2.91  2.38
 586 20140828 085447.825 64.79242 -16.89368 11.486  1.78  1.64
 587 20140828 090248.757 64.86089 -16.84665 13.538  2.29  2.13
 588 20140828 101922.676 64.88377 -16.83777 10.245  1.47  1.37
 589 20140828 103105.525 64.87202 -16.83560 10.903  1.90  1.94
 590 20140828 104345.113 63.53755 -19.11672  0.135 -0.03 -0.09
 591 20140828 105415.645 64.83148 -16.87182  2.327  2.14  1.31
 592 20140828 110710.484 65.04108 -16.49025  3.533  1.85  1.68
 593 20140828 113345.322 64.87695 -16.83789 10.232  1.71  1.63
 594 20140828 115609.310 65.02013 -16.64698  6.582  2.71  2.12
 595 20140828 120022.943 64.85161 -16.85987  5.455  1.80  1.55
 596 20140828 120505.210 64.87843 -16.83771 11.770  1.30  1.23
 597 20140828 120529.882 64.79987 -16.95608 11.829  2.23  1.84
 598 20140828 120713.293 64.83537 -16.88665  0.135  1.58  1.32
 599 20140828 120720.997 65.02814 -16.64570  4.199  1.80  1.35
 600 20140828 120728.837 65.03498 -16.69029  5.182  1.64  1.19
 601 20140828 120939.633 64.78884 -16.92053 14.962  1.18  1.15
 602 20140828 120955.579 64.85403 -16.85961 12.620  1.99  1.46
 603 20140828 121021.719 64.87205 -16.83974 13.101  2.38  2.01
 604 20140828 121049.627 65.02394 -16.63866  3.520  2.15  1.44
 605 20140828 121127.055 64.88597 -16.84254 14.086  1.66  1.47
 606 20140828 121146.545 64.80621 -16.90658 13.167  1.47  1.26
 607 20140828 121401.690 65.05039 -16.48240  2.527  0.99  0.94
 608 20140828 121503.071 64.80621 -16.88674 12.574  1.88  1.88
 609 20140828 121728.259 64.81351 -16.94011 12.548  1.23  0.95
 610 20140828 122216.597 64.80517 -16.90177 13.737  1.61  1.03
 611 20140828 122358.676 64.80908 -16.91290 13.199  1.64  1.22
 612 20140828 123228.160 65.02393 -16.55938  5.098  1.24  0.92
 613 20140828 123913.651 64.79605 -16.89322 10.817  1.05  0.93
 614 20140828 124828.879 64.79640 -16.91526 11.462  1.33  1.29
 615 20140828 125357.940 64.83877 -16.87972  8.789  1.71  1.43
 616 20140828 125523.913 64.80653 -16.91008 12.191  1.88  1.54
 617 20140828 125646.626 64.83210 -16.88513 13.658  1.24  1.11
 618 20140828 125728.581 64.87135 -16.83603  3.781  1.64  1.20
 619 20140828 130930.796 64.88899 -16.82873  8.827  2.16  2.07
 620 20140828 131002.837 64.85648 -16.85859 11.905  2.16  1.86
 621 20140828 131036.595 64.80492 -16.91613 12.344  1.80  1.25
 622 20140828 131515.159 64.86105 -16.85270 12.358  1.66  1.59
 623 20140828 131903.845 64.79311 -16.92047 13.435  1.00  1.04
 624 20140828 132443.221 64.75668 -17.86139  0.924  2.44  2.43
 625 20140828 132658.520 64.78112 -16.93166 13.786  1.27  1.07
 626 20140828 132826.044 64.77625 -16.93935 12.937  1.22  1.22
 627 20140828 133821.448 64.79839 -16.89684 11.579  2.47  2.10
 628 20140828 134037.248 64.86861 -16.83867 11.379  2.28  1.92
 629 20140828 134427.219 64.85997 -16.86280 11.186  1.48  1.12
 630 20140828 134450.952 64.80744 -16.91207 12.439  1.04  0.88
 631 20140828 134521.311 64.78290 -16.92773 11.671  1.40  1.33
 632 20140828 134544.048 64.80370 -16.87659  9.757  1.39  1.20
 633 20140828 135041.268 64.85757 -16.85719 11.874  2.02  1.58
 634 20140828 135307.288 65.04120 -16.52392  5.637  1.37  1.25
 635 20140828 135340.143 64.80086 -16.88993 14.080  2.20  1.96
 636 20140828 135643.236 64.82635 -16.88245 12.001  1.50  1.49
 637 20140828 135849.351 64.81052 -16.90984 15.489  1.51  0.91
 638 20140828 140015.428 64.85929 -16.84653 12.560  0.77  0.70
 639 20140828 140117.248 64.77273 -16.92989 14.177  1.33  1.27
 640 20140828 140207.632 64.78349 -16.91833 12.494  1.29  0.64
 641 20140828 140254.836 64.82359 -16.89495 14.028  1.27  1.25
 642 20140828 140432.957 64.78690 -16.93045 14.848  1.33  0.87
 643 20140828 141221.750 64.80267 -16.89279 10.977  1.19  1.32
 644 20140828 141307.725 64.80036 -16.90893 11.635  1.01  0.58
 645 20140828 141401.231 64.83665 -16.86362 14.521  1.09  0.79
 646 20140828 141647.672 64.74049 -16.93860 11.991  1.77  1.66
 647 20140828 141824.317 64.78739 -16.91196 11.076  1.80  1.51
 648 20140828 142045.944 64.80328 -16.90536 13.745  2.10  2.25
 649 20140828 142132.904 65.01390 -16.66412  3.685  1.28  0.94
 650 20140828 142319.977 64.78735 -16.89062 10.252  0.93  0.64
 651 20140828 143014.229 64.80098 -16.90541 11.528  2.42  2.08
 652 20140828 143853.373 64.80669 -16.91972 14.142  1.49  1.06
 653 20140828 144058.566 64.85555 -16.85923 11.324  1.66  1.35
 654 20140828 144327.792 64.88055 -16.84049 12.166  1.71  1.29
 655 20140828 145838.695 64.79201 -16.94770  8.583  1.36  1.21
 656 20140828 150306.283 64.79393 -16.91912 10.911  1.01  0.91
 657 20140828 150629.006 64.78009 -16.94173 12.197  1.34  1.11
 658 20140828 150652.175 64.80006 -16.90081 11.838  2.07  1.76
 659 20140828 151039.058 64.85169 -16.85869 11.605  1.63  1.55
 660 20140828 152942.896 64.86006 -16.84764 11.166  1.17  1.08
 661 20140828 153018.997 64.76879 -16.93379 10.442  2.64  2.01
 662 20140828 153154.362 64.85825 -16.85387 11.223  1.55  1.46
 663 20140828 153451.024 64.80579 -16.90201 13.519  2.74  2.46
 664 20140828 154757.139 64.80491 -16.90826  6.343  2.08  1.65
 665 20140828 160458.107 64.83418 -16.87718  8.291  1.84  1.74
 666 20140828 162009.078 63.75701 -23.09068 11.498  1.65  1.25
 667 20140828 162602.724 64.85617 -16.85592 11.572  2.12  1.73
 668 20140828 163002.097 64.83234 -16.87909 13.644  2.21  1.80
 669 20140828 163525.962 64.86211 -16.85474 11.076  2.33  1.99
 670 20140828 170948.207 64.78991 -16.91549 13.608  1.47  0.81
 671 20140828 171137.003 64.79065 -16.91957 14.201  2.36  2.13
 672 20140828 172044.374 64.80497 -16.90447 10.187  2.60  2.50
 673 20140828 172726.514 63.79836 -22.76985  7.190  1.70  1.22
 674 20140828 174634.564 64.79525 -16.91802 13.270  1.42  0.96
 675 20140828 175320.214 65.18215 -17.05511  6.325  2.78  2.39
 676 20140828 175847.933 66.22134 -18.26170 10.456  1.01  1.43
 677 20140828 181555.715 64.85443 -16.85963 12.282  1.88  1.64
 678 20140828 183118.257 64.87488 -16.84289 11.508  2.07  1.70
 679 20140828 183203.484 64.80517 -16.90715 11.285  1.59  1.09
 680 20140828 183848.511 64.80858 -16.91364 12.531  2.07  1.72
 681 20140828 184314.048 64.80966 -16.91123 14.501  1.80  1.16
 682 20140828 185006.564 64.84026 -16.87585 12.277  1.80  1.41
 683 20140828 185205.754 64.85947 -16.84791 13.052  1.70  1.24
 684 20140828 185745.327 64.86729 -16.84655 11.740  1.33  1.19
 685 20140828 185822.279 64.84951 -16.85569  9.589  1.12  0.88
 686 20140828 185857.410 64.87283 -16.84166 12.580  1.81  1.65
 687 20140828 190226.729 64.76074 -16.94876 14.365  1.30  0.99
 688 20140828 190442.551 64.77895 -16.92786 13.510  1.64  1.45
 689 20140828 190525.408 64.79930 -16.91357 14.061  1.92  1.38
 690 20140828 190647.628 64.83874 -16.87626 13.146  1.27  1.01
 691 20140828 190713.802 64.80251 -16.90475  9.852  2.00  1.63
 692 20140828 190746.413 64.80708 -16.90360 12.045  1.88  1.45
 693 20140828 191037.742 64.85497 -16.86058 12.604  1.28  1.13
 694 20140828 191220.506 64.81009 -16.92008 13.584  1.86  1.42
 695 20140828 191617.725 64.80334 -16.90984 10.842  2.30  1.77
 696 20140828 192533.549 64.79235 -16.89594  8.241  1.35  1.27
 697 20140828 192717.399 64.87077 -16.83902 12.846  2.11  1.74
 698 20140828 193312.412 64.67549 -17.57429  6.697  1.44  1.15
 699 20140828 193428.181 64.79440 -16.89744  9.708  1.54  1.21
 700 20140828 194433.220 64.67108 -17.45544  3.291  2.29  2.05
 701 20140828 194820.078 64.83762 -16.86831 11.096  1.56  1.10
 702 20140828 195133.211 64.80057 -16.91102 12.038  1.37  1.26
 703 20140828 195254.338 64.80414 -16.89865 10.333  2.40  2.00
 704 20140828 195338.992 64.80357 -16.90311 10.798  2.24  1.83
 705 20140828 195743.049 64.80565 -16.90723 12.262  2.09  1.84
 706 20140828 195929.756 64.83615 -16.87378  9.729  1.83  1.24
 707 20140828 202130.286 64.80233 -16.89454  3.265  3.13  2.75
 708 20140828 202234.098 64.83348 -16.87345  8.365  1.90  1.45
 709 20140828 202518.098 64.80077 -16.89773 11.871  2.03  1.63
 710 20140828 202750.047 64.86254 -16.83665 11.182  1.17  1.07
 711 20140828 203857.829 64.82717 -16.87131 11.593  1.09  0.99
 712 20140828 204457.710 64.87747 -16.83759 10.528  1.78  1.38
 713 20140828 205300.564 64.79347 -16.90196 10.371  1.31  1.07
 714 20140828 205345.418 64.78870 -16.92185 11.605  1.42  1.36
 715 20140828 205554.176 64.84132 -16.87476  7.542  2.29  2.04
 716 20140828 205808.681 65.05143 -16.57402  4.396  2.33  2.27
 717 20140828 210009.371 66.22281 -18.25153 11.645  0.93  1.42
 718 20140828 210513.355 64.87132 -16.84159  7.829  1.83  1.35
 719 20140828 210924.464 64.86896 -16.83953  9.149  1.23  1.30
 720 20140828 211100.064 65.04876 -16.57621  4.480  1.68  1.38
 721 20140828 211234.364 64.85950 -16.84726 11.260  1.63  1.42
 722 20140828 211300.555 64.86110 -16.84746 11.371  2.74  2.31
 723 20140828 211738.148 65.05077 -16.57380  4.507  2.25  2.07
 724 20140828 211935.790 64.80293 -16.90070 10.293  2.99  2.43
 725 20140828 212034.221 64.80084 -16.89218 12.702  2.44  2.10
 726 20140828 215114.984 64.80617 -16.90711 11.422  2.26  1.85
 727 20140828 215830.366 65.03135 -16.48606  3.177  2.20  2.01
 728 20140828 220312.759 64.80476 -16.88710 13.162  2.32  1.94
 729 20140828 221035.773 64.80757 -16.90981 11.432  2.43  2.08
 730 20140828 221459.601 64.78242 -16.92286 11.418  1.99  1.86
 731 20140828 221615.420 65.02500 -16.49360  3.501  1.96  1.91
 732 20140828 221726.210 64.80227 -16.90271 11.360  1.57  1.30
 733 20140828 221839.507 64.80081 -16.89837 11.610  1.46  1.12
 734 20140828 222256.246 65.02615 -16.50025  2.763  2.62  2.65
 735 20140828 223548.253 64.65008 -17.60570  4.768  2.35  2.31
 736 20140828 230118.642 64.67133 -17.46048  5.420  3.29  2.36
 737 20140828 231023.379 64.85509 -16.84709  7.998  1.44  1.33
 738 20140828 233625.321 64.80420 -16.90654 11.361  2.43  2.39
 739 20140828 234353.181 64.78878 -16.93926 12.852  1.47  1.30
 740 20140828 234416.894 64.76208 -17.85351  3.005  2.05  1.87
 741 20140828 234525.518 64.86080 -16.86060 12.251  1.36  1.19
 742 20140828 234556.280 64.66263 -17.59266  5.560  1.51  1.11
 743 20140828 235603.356 64.86682 -16.83000  2.738  0.85  0.83
 744 20140828 235633.665 65.19162 -17.07826 12.622  2.30  2.11
 745 20140828 235635.339 64.80505 -16.91173  9.713  1.95  1.40
 746 20140828 235846.225 64.87196 -16.84529 13.539  1.93  1.97
 747 20140829 000242.877 64.84389 -16.86338 12.170  1.57  1.25
 748 20140829 000553.081 64.80947 -16.91320 13.481  1.48  1.14
 749 20140829 002635.895 64.80721 -16.90810  7.594  2.68  2.82
 750 20140829 003453.275 64.80463 -16.89811 14.156  3.26  2.89
 751 20140829 005333.876 64.79297 -16.89524  6.786  2.65  2.62
 752 20140829 012452.611 64.78950 -16.91518 11.925  2.26  2.11
 753 20140829 014131.705 64.78796 -16.92083 11.013  2.36  2.25
 754 20140829 014222.343 64.78465 -16.92624 11.305  2.35  2.35
 755 20140829 014529.603 64.80083 -16.90669 12.093  2.21  1.85
 756 20140829 020030.317 64.82723 -16.88091 12.094  1.55  1.40
 757 20140829 020512.395 64.80458 -16.91766 12.799  1.71  1.64
 758 20140829 022218.683 64.83044 -16.87582 12.578  1.72  1.52
 759 20140829 030243.668 64.77943 -16.89108 12.305  1.36  1.36
 760 20140829 030649.791 64.82050 -16.88413 12.795  1.20  0.97
 761 20140829 030826.952 64.81392 -16.89416 12.350  1.34  1.04
 762 20140829 031043.138 64.82838 -16.89044 13.945  1.42  1.06
 763 20140829 032600.003 64.83499 -16.87409 13.074  1.30  1.10
 764 20140829 033845.845 64.77815 -16.91698 13.036  1.55  1.45
 765 20140829 034253.715 64.83659 -16.86732 11.266  1.60  1.20
 766 20140829 034556.163 64.80836 -16.89552 12.837  1.05  1.06
 767 20140829 034629.259 64.84822 -16.86113 12.223  1.01  1.23
 768 20140829 034725.265 64.83598 -16.86836 11.591  1.33  1.22
 769 20140829 034818.418 64.84636 -16.85050  9.325  1.04  0.90
 770 20140829 035142.379 64.78902 -16.92014 11.330  2.22  1.78
 771 20140829 035259.091 64.83457 -16.87190 10.478  2.03  1.56
 772 20140829 040620.247 64.83243 -16.87310  9.995  2.80  2.44
 773 20140829 042045.635 64.67668 -17.50567  5.276  1.69  1.37
 774 20140829 042243.275 64.84743 -16.85863 13.072  1.03  1.30
 775 20140829 043754.204 64.66048 -17.38353  0.797  3.80  2.67
 776 20140829 050635.508 64.81853 -16.89279 12.472  1.01  1.02
 777 20140829 050931.207 64.79801 -16.91682 11.280  1.09  0.79
 778 20140829 051237.821 64.80462 -16.90114 11.936  2.03  1.64
 779 20140829 052100.816 64.80778 -16.90340 10.586  1.90  1.87
 780 20140829 052118.628 64.66745 -17.57079  6.855  2.05  1.40
 781 20140829 052313.542 64.82874 -16.87770 10.906  1.77  1.32
 782 20140829 052341.024 64.85336 -16.85553 11.021  0.74  0.91
 783 20140829 053959.451 64.84054 -16.86056 11.101  2.91  2.47
 784 20140829 054520.869 64.82368 -16.88913 11.732  1.45  1.33
 785 20140829 054552.358 64.82654 -16.88164 11.381  1.57  1.33
 786 20140829 054832.069 64.84253 -16.85338 15.199  1.62  1.44
 787 20140829 054853.826 64.83290 -16.87458  7.997  1.32  0.72
 788 20140829 055618.681 64.85480 -16.85028  9.135  0.76  0.78
 789 20140829 062248.051 64.76276 -17.85468  4.744  1.78  1.51
 790 20140829 062334.229 64.80891 -16.90257 11.090  2.22  1.75
 791 20140829 063811.361 64.84803 -16.84880  5.748  3.54  3.34
 792 20140829 065049.288 64.81015 -16.91150 12.459  1.19  0.98
 793 20140829 065133.072 64.67271 -17.45221  0.079  2.40  2.77
 794 20140829 065357.119 64.82408 -16.87786 12.686  1.35  1.08
 795 20140829 065430.014 64.83865 -16.86347 11.181  1.53  0.90
 796 20140829 070158.202 64.83317 -16.86815 12.033  2.09  2.18
 797 20140829 070213.756 64.66930 -17.40495  9.145  2.86  2.73
 798 20140829 070254.114 64.85058 -16.85734 12.125  1.62  1.69
 799 20140829 072132.802 64.84373 -16.86470 10.797  2.12  1.90
 800 20140829 072506.383 64.85804 -16.84798 11.786  1.35  1.20
 801 20140829 072750.096 64.60772 -17.51126  2.619  2.18  1.93
 802 20140829 081625.507 64.62467 -17.36574  6.055  3.43  2.70
 803 20140829 090938.707 64.86181 -16.84737  9.971  2.46  2.25
 804 20140829 093504.210 64.86008 -16.84599 11.103  1.92  1.86
 805 20140829 100927.255 64.86246 -16.84971 10.406  2.31  1.95
 806 20140829 101556.741 64.86480 -16.84552 13.100  1.48  1.32
 807 20140829 103534.188 64.84686 -16.86089 10.202  2.83  2.32
 808 20140829 111459.413 64.67436 -17.46095  6.751  4.78  3.23
 809 20140829 113524.266 64.81346 -16.90886  9.930  2.24  2.03
 810 20140829 114037.899 64.85518 -16.85945 13.983  1.43  1.50
 811 20140829 122146.700 64.68294 -17.42961  9.207  5.21  3.91
 812 20140829 131750.352 64.86127 -16.84836  8.042  2.81  2.94
 813 20140829 132758.073 64.86010 -16.84817 11.162  2.21  1.93
 814 20140829 134132.841 64.86333 -16.84354 10.991  2.67  2.45
 815 20140829 134855.479 64.86475 -16.85104 11.026  2.38  1.96
 816 20140829 141736.711 64.81796 -16.90076 10.178  2.34  2.06
 817 20140829 143125.041 64.79117 -16.96317 10.877  2.67  2.71
 818 20140829 143639.860 64.84856 -16.85667 11.723  1.86  2.07
 819 20140829 151851.778 64.80956 -16.90491 10.897  2.66  2.16
 820 20140829 152803.945 64.78993 -16.91860 11.185  2.58  2.23
 821 20140829 162744.631 64.66698 -17.45751  4.924  4.12  2.81
 822 20140829 162936.928 64.78468 -16.90988 13.852  1.96  1.94
 823 20140829 170112.523 63.83810 -22.64744  7.898  1.10  0.57
 824 20140829 171142.526 65.10947 -16.38478  6.598  2.18  2.06
 825 20140829 172415.609 64.86142 -16.84598 10.145  1.69  1.56
 826 20140829 172527.962 64.86423 -16.85270 12.923  1.51  1.26
 827 20140829 174502.116 64.85964 -16.84490  9.709  2.82  2.65
 828 20140829 175250.449 64.86379 -16.84955 11.438  2.05  2.06
 829 20140829 180722.281 64.87065 -16.84031  9.890  2.14  1.74
 830 20140829 181557.888 64.80331 -16.90951 14.667  2.31  1.99
 831 20140829 185242.739 64.86047 -16.84960 12.933  2.16  2.08
 832 20140829 185329.375 64.78206 -16.92631  8.472  2.26  1.69
 833 20140829 185442.121 64.84007 -16.86891 12.641  2.36  1.99
 834 20140829 185827.854 64.85361 -16.85785 10.861  1.38  1.04
 835 20140829 190017.519 64.86771 -16.84539 11.883  1.39  1.45
 836 20140829 190350.774 64.86893 -16.83946 12.356  2.13  1.79
 837 20140829 191235.814 64.78458 -16.96791  9.988  2.14  2.10
 838 20140829 193854.530 64.86784 -16.84284 11.318  2.21  1.81
 839 20140829 194155.986 64.86938 -16.84075 11.968  1.95  1.83
 840 20140829 194323.924 64.86081 -16.84811 13.250  1.55  1.44
 841 20140829 194345.462 64.79618 -16.91529 10.780  1.83  1.72
 842 20140829 194520.785 64.86560 -16.81414 15.023  1.66  1.45
 843 20140829 194554.564 64.87397 -16.83982 12.981  1.46  1.29
 844 20140829 194614.843 64.87150 -16.84147 12.127  1.94  1.71
 845 20140829 194805.098 64.86531 -16.84248 11.724  1.87  1.65
 846 20140829 201056.231 64.81506 -16.90584 12.248  1.41  1.30
 847 20140829 201153.135 64.87276 -16.84105 12.053  1.33  1.40
 848 20140829 201223.720 64.87225 -16.83852 11.877  3.00  2.66
 849 20140829 201535.444 64.85153 -16.85973  9.543  1.84  1.29
 850 20140829 201556.596 64.87235 -16.84220 12.031  2.44  2.11
 851 20140829 201635.006 64.89117 -16.83193 10.740  2.07  1.95
 852 20140829 202605.346 64.87030 -16.83739 11.853  2.22  1.86
 853 20140829 204509.179 64.87327 -16.84668 10.879  1.68  1.70
 854 20140829 213432.236 64.86198 -16.84845 12.422  2.29  2.13
 855 20140829 213700.415 64.87253 -16.83399  7.810  2.75  2.41
 856 20140829 214208.133 64.83785 -16.86296 12.546  1.12  0.99
 857 20140829 214428.844 64.84486 -16.87132 13.371  1.48  1.52
 858 20140829 214448.233 64.88113 -16.85506  3.494  2.01  1.79
 859 20140829 214656.297 64.86788 -16.83953  9.815  1.98  1.46
 860 20140829 220330.996 64.85169 -16.87013 10.471  1.42  1.43
 861 20140829 220928.249 64.80731 -16.92024 13.502  1.96  1.67
 862 20140829 225931.129 64.81431 -16.90709  9.856  2.01  1.40
 863 20140829 230009.305 66.21834 -18.26643 10.489  0.55  0.81
 864 20140829 231004.947 64.80835 -16.91694 14.084  1.18  1.13
 865 20140829 231043.443 64.68082 -17.45221  6.863  2.27  2.20
 866 20140829 231156.688 64.80206 -16.92310 14.525  1.45  1.47
 867 20140829 233254.609 64.87323 -16.84117 12.787  1.65  1.58
 868 20140829 233409.063 64.86095 -16.84785  9.412  2.53  2.26
 869 20140829 235530.784 64.76190 -17.88753  1.759  1.70  1.70
 870 20140830 001116.495 64.77682 -17.86353  1.348  2.36  2.08
 871 20140830 001219.958 64.81308 -16.91622 14.937  1.64  1.28
 872 20140830 002953.761 64.79494 -16.91963 12.701  3.30  1.93
 873 20140830 003601.060 64.85824 -16.85503 12.692  1.76  1.72
 874 20140830 003928.293 64.86270 -16.85046 11.643  1.23  1.13
 875 20140830 004358.574 64.78025 -16.92336 14.909  1.29  1.16
 876 20140830 004446.841 64.86326 -16.85125 11.867  1.11  0.98
 877 20140830 004546.770 64.87429 -16.84104 12.610  1.64  1.48
 878 20140830 004715.847 64.86306 -16.85476  2.074  1.01  0.83
 879 20140830 004759.926 64.79383 -16.92928 12.882  1.77  1.23
 880 20140830 004944.329 65.12688 -16.34820  1.585  0.84  1.13
 881 20140830 005945.811 66.55572 -17.67785 11.287  1.26  1.36
 882 20140830 010519.454 64.86726 -16.85003 12.864  1.86  1.78
 883 20140830 010556.024 65.11500 -16.36806  5.283  2.34  1.82
 884 20140830 010656.411 64.79270 -16.90545 14.547  2.36  1.93
 885 20140830 010835.230 64.79354 -16.93186 15.915  1.53  1.23
 886 20140830 011559.269 64.78223 -16.92676 15.020  1.25  1.30
 887 20140830 011617.775 64.78693 -16.90139 11.000  1.38  0.92
 888 20140830 011635.163 64.80406 -16.91014 11.918  1.72  1.58
 889 20140830 011746.254 64.81765 -16.90563 13.636  1.70  1.14
 890 20140830 012047.485 65.08740 -16.49727  1.210  0.99  0.94
 891 20140830 012146.201 64.80228 -16.92531 15.142  1.50  0.96
 892 20140830 012206.948 64.86800 -16.83677 12.866  1.15  1.12
 893 20140830 012227.217 64.95691 -16.55866  0.981  1.18  0.88
 894 20140830 012611.930 65.10585 -16.39208  8.165  2.24  1.97
 895 20140830 012840.119 64.80741 -16.90778 13.974  2.28  1.97
 896 20140830 013046.805 64.77425 -16.94171 15.143  1.41  1.49
 897 20140830 013243.791 64.84400 -16.88538  4.293  1.51  1.17
 898 20140830 013341.724 64.83303 -16.85479 15.108  0.94  1.31
 899 20140830 013437.196 64.79239 -16.91647 13.889  1.92  1.85
 900 20140830 013531.218 64.98132 -16.47901 16.867  2.06  1.26
 901 20140830 014406.306 64.85227 -16.85580 12.245  1.52  1.37
 902 20140830 014615.884 65.10844 -16.38735  7.291  2.16  1.83
 903 20140830 014826.551 64.86595 -16.83868 11.895  1.23  1.14
 904 20140830 015018.236 64.85551 -16.85701 13.503  1.56  1.45
 905 20140830 015037.613 64.80464 -16.92919 14.666  1.78  1.22
 906 20140830 015107.569 64.84654 -16.87528 10.001  1.62  1.33
 907 20140830 015155.259 64.86410 -16.86521  7.265  1.33  1.17
 908 20140830 015316.973 65.11352 -16.37614  7.917  2.20  2.04
 909 20140830 015449.188 64.77241 -16.92960 14.567  1.76  1.60
 910 20140830 015517.422 64.84926 -16.85539 11.260  1.72  1.65
 911 20140830 015607.158 64.61277 -17.60564  0.309  1.90  1.48
 912 20140830 015733.700 64.80727 -16.91200 13.882  2.03  1.54
 913 20140830 015824.828 64.85636 -16.86755 10.739  2.00  2.01
 914 20140830 015853.625 64.85031 -16.84111 10.933  1.65  1.22
 915 20140830 015951.826 64.88651 -16.85145  3.311  1.34  1.03
 916 20140830 020645.422 64.87642 -16.83838 12.381  2.38  1.93
 917 20140830 021053.249 64.84758 -16.86865  9.440  2.61  2.18
 918 20140830 021417.577 65.09902 -16.38306 13.191  1.75  1.46
 919 20140830 022021.149 64.84596 -16.86170 13.667  2.42  2.15
 920 20140830 023459.382 64.85264 -16.85767 13.915  2.33  2.01
 921 20140830 023534.358 64.67564 -17.46269  8.295  4.45  3.00
 922 20140830 024833.897 65.11930 -16.36799  2.726  0.99  1.02
 923 20140830 024847.124 63.66407 -19.15935  0.050  0.78  0.39
 924 20140830 024902.214 64.78609 -16.91065 14.137  2.37  2.27
 925 20140830 025128.530 64.85584 -16.85689 13.155  1.23  1.29
 926 20140830 025148.840 64.87294 -16.83908 13.528  2.11  1.84
 927 20140830 025240.483 64.79166 -16.91318 11.214  2.22  2.10
 928 20140830 030113.462 64.86070 -16.84771 10.104  2.65  2.34
 929 20140830 030431.540 66.78309 -18.54932 14.033  1.46  1.27
 930 20140830 031245.152 65.11241 -16.38554  5.328  0.97  1.13
 931 20140830 032400.591 64.85916 -16.84652 10.099  1.56  1.50
 932 20140830 032438.846 64.62659 -17.42027  8.309  1.84  1.49
 933 20140830 033319.426 64.86086 -16.84748 12.895  1.79  1.69
 934 20140830 033357.645 64.86211 -16.85143 12.420  2.48  2.11
 935 20140830 034430.776 64.66368 -17.52259  8.640  2.48  1.61
 936 20140830 034804.900 64.65763 -17.56064  7.495  1.62  1.28
 937 20140830 035046.048 65.10829 -16.85093  7.213  1.75  1.50
 938 20140830 035055.830 65.12022 -16.83385  4.803  2.18  1.78
 939 20140830 035514.729 64.79320 -16.92284 13.747  1.90  1.92
 940 20140830 035630.965 64.83613 -16.87774 11.451  1.80  1.32
 941 20140830 040516.057 64.86151 -16.84731 12.675  2.90  2.65
 942 20140830 041219.657 64.65354 -17.54996  1.126  1.10  0.74
 943 20140830 041307.670 64.79560 -16.92365 14.090  1.50  1.23
 944 20140830 041433.706 64.78629 -16.91444 14.183  2.19  2.12
 945 20140830 041541.464 64.65517 -17.53200  6.826  2.02  2.09
 946 20140830 041848.666 65.04167 -16.56548  5.340  0.96  0.71
 947 20140830 042102.216 65.03274 -16.66472  5.146  1.34  0.07
 948 20140830 042136.082 64.78612 -16.91990 14.761  1.56  1.59
 949 20140830 042145.727 64.82511 -16.88549 11.781  2.05  1.85
 950 20140830 042523.179 64.85787 -16.85384 11.976  2.12  1.60
 951 20140830 043039.079 64.40944 -20.71664 10.289  1.19  0.76
 952 20140830 043040.386 64.40593 -20.72390 10.515  1.20  0.80
 953 20140830 043315.760 65.03900 -16.58863  2.864  0.79  0.72
 954 20140830 045740.838 64.65998 -17.56195 10.083  1.45  1.02
 955 20140830 051321.200 65.10661 -16.87011  6.420  1.71  1.23
 956 20140830 051713.044 63.93835 -21.37346  6.182  0.84  0.60
 957 20140830 051843.791 64.78360 -16.92233 15.585  2.38  1.98
 958 20140830 051927.192 64.82851 -16.89591 15.403  1.10  0.97
 959 20140830 051951.285 64.84454 -16.87523  2.444  0.79  0.84
 960 20140830 052053.280 64.81592 -16.88876 11.643  1.70  0.90
 961 20140830 052114.587 64.81203 -16.91006 13.248  1.09  1.01
 962 20140830 052456.082 64.83727 -16.88411  7.295  1.84  1.48
 963 20140830 052706.863 64.78558 -16.91818 13.267  1.84  1.61
 964 20140830 052806.942 64.84471 -16.86940 14.252  1.50  1.38
 965 20140830 053006.906 64.80369 -16.91077 13.094  2.13  2.06
 966 20140830 053435.163 64.84886 -16.86418 11.817  1.25  1.09
 967 20140830 053759.819 64.83195 -16.86081 12.197  1.64  1.18
 968 20140830 054340.895 65.02487 -16.54881  6.836  1.98  1.82
 969 20140830 054454.504 64.78674 -16.92138 13.882  1.66  1.27
 970 20140830 054539.810 64.78532 -16.92448 14.927  1.53  1.34
 971 20140830 054941.875 64.83941 -16.87429 13.862  1.37  1.26
 972 20140830 055107.485 64.86264 -16.84743 13.299  2.03  1.98
 973 20140830 060259.457 64.87428 -16.84338 11.713  2.09  1.90
 974 20140830 061843.926 64.67808 -17.46496  9.120  4.15  2.78
 975 20140830 061912.853 64.80230 -16.88937 11.215  4.16  2.56
 976 20140830 064109.886 65.09806 -16.85850  2.187  2.61  2.29
 977 20140830 064202.493 64.12782 -21.36218  2.702  0.01  0.11
 978 20140830 064243.782 64.79451 -16.90347 12.919  2.44  2.10
 979 20140830 070302.171 64.61080 -17.45727  2.864  5.36  4.23
 980 20140830 071952.016 64.78692 -16.90919 13.554  2.43  2.37
 981 20140830 073351.968 65.11638 -16.45149  0.946  1.64  1.24
 982 20140830 075046.150 63.65092 -19.31748  0.044  2.05  1.14
 983 20140830 075204.020 64.84581 -16.86020 13.495  2.74  2.52
 984 20140830 075337.083 64.78866 -16.90555 11.663  2.68  2.50
 985 20140830 081550.744 64.76348 -16.94034 12.514  2.29  2.14
 986 20140830 082458.845 64.80880 -16.90587 13.096  2.26  1.96
 987 20140830 083346.370 65.05997 -16.44571 15.439  2.10  1.53
 988 20140830 085416.464 65.03613 -16.45980 19.245  1.32  0.66
 989 20140830 085935.163 65.11765 -16.36007  9.141  0.80  0.74
 990 20140830 091938.455 64.83411 -16.89134  6.281  1.90  1.65
 991 20140830 092628.089 64.99270 -16.52721 13.644  1.22  0.59
 992 20140830 093620.935 64.79462 -16.90697 10.564  2.29  2.01
 993 20140830 094327.877 64.87095 -16.84655 12.265  1.95  1.72
 994 20140830 095059.818 65.09700 -16.43097  2.360  1.72  1.29
 995 20140830 095935.053 64.77477 -16.93191 11.433  2.23  2.03
 996 20140830 100559.993 64.71230 -16.96466 12.768  2.21  1.70
 997 20140830 102424.304 64.86395 -16.85116  9.287  1.90  1.48
 998 20140830 103940.190 65.02666 -16.49922  3.435  2.20  1.94
 999 20140830 104050.119 64.84275 -16.86970 13.238  1.99  1.69
1000 20140830 104240.020 64.86920 -16.83425 10.535  1.43  1.26
1001 20140830 105249.172 64.86179 -16.84757 12.698  1.40  1.12
1002 20140830 105324.714 64.87480 -16.84191 12.692  1.32  1.19
1003 20140830 110101.049 64.80502 -16.90677  9.375  1.61  1.62
1004 20140830 112643.514 64.85969 -16.85546 11.006  1.40  1.26
1005 20140830 112745.047 64.76424 -16.94884 12.575  1.89  1.24
1006 20140830 112812.973 64.88541 -16.82953 12.464  1.47  1.38
1007 20140830 113921.771 64.81320 -16.91039 11.651  2.56  2.16
1008 20140830 120405.112 64.86992 -16.83980  7.184  2.18  2.02
1009 20140830 121829.432 64.85960 -16.84850 13.082  1.47  1.18
1010 20140830 122955.472 64.87051 -16.84211  6.851  2.26  1.74
1011 20140830 123606.710 65.10747 -16.86745  4.507  2.10  1.74
1012 20140830 130119.830 64.79543 -16.90826 13.280  2.51  2.40
1013 20140830 131843.517 64.86366 -16.84902 12.315  1.81  1.60
1014 20140830 134000.269 64.67802 -17.47762  7.822  2.11  1.91
1015 20140830 134536.969 64.86932 -16.84752 10.376  2.11  2.12
1016 20140830 143012.578 64.80947 -16.91408  9.710  2.32  1.84
1017 20140830 145508.143 65.12621 -16.34652  1.112  2.57  2.63
1018 20140830 145556.421 65.12692 -16.35493  0.926  2.34  2.42
1019 20140830 153204.095 64.76102 -16.94084 12.890  2.21  1.82
1020 20140830 153720.420 64.80697 -16.87051 14.655  1.39  1.07
1021 20140830 154936.551 66.16831 -17.53929 11.844  0.65  1.04
1022 20140830 160433.550 64.87347 -16.84234 11.390  2.16  1.70
1023 20140830 161244.027 66.27367 -18.50866  9.305  1.36  1.86
1024 20140830 161617.862 66.27301 -18.50869  9.693  1.69  1.99
1025 20140830 171034.976 64.85995 -16.84855 10.253  2.38  2.15
1026 20140830 172107.791 64.80313 -16.90755 12.487  2.09  1.87
1027 20140830 173116.598 64.86014 -16.84822 13.200  2.62  2.33
1028 20140830 173333.556 64.86217 -16.85000 11.748  2.39  2.22
1029 20140830 174803.024 65.10931 -16.37948  8.840  2.03  1.96
1030 20140830 175739.425 64.80029 -16.91052 12.903  2.40  2.04
1031 20140830 182941.663 64.79233 -16.90452 11.411  2.71  2.30
1032 20140830 183340.126 65.11189 -16.38298  3.279  2.09  1.98
1033 20140830 184738.717 65.09153 -16.43396  4.017  1.69  1.30
1034 20140830 185720.570 64.75526 -16.94777 11.796  1.76  1.62
1035 20140830 185857.461 64.75920 -16.95036 14.461  1.43  1.11
1036 20140830 190009.208 64.78652 -16.87062 11.464  0.95  0.68
1037 20140830 190030.053 64.75140 -16.95221 13.025  1.16  0.83
1038 20140830 190816.873 64.79091 -16.91481 14.468  1.50  1.17
1039 20140830 190852.259 65.12726 -16.34482  1.989  2.07  1.77
1040 20140830 191624.480 64.80944 -16.91294 13.496  1.66  1.21
1041 20140830 191750.275 64.69373 -17.42169  4.285  1.63  0.92
1042 20140830 191952.937 64.84040 -16.88006 12.899  1.61  1.19
1043 20140830 192016.231 64.81002 -16.90835  7.339  0.79  0.64
1044 20140830 192056.030 65.16379 -17.07171  0.042  1.93  1.49
1045 20140830 192223.531 64.78545 -16.91003 12.629  0.92  0.91
1046 20140830 192330.375 65.02351 -16.53644  4.963  1.38  0.74
1047 20140830 192416.554 64.67332 -17.56563  7.007  2.01  1.53
1048 20140830 192711.213 64.79624 -16.91715 14.610  1.82  1.16
1049 20140830 192803.842 64.86704 -16.84712 11.671  1.36  1.19
1050 20140830 192828.361 64.86792 -16.84490 12.164  2.14  1.79
1051 20140830 192853.030 64.87411 -16.83920 10.344  1.78  1.71
1052 20140830 193013.696 64.86012 -16.84587  9.945  1.28  0.86
1053 20140830 193149.793 64.86808 -16.84201 10.919  1.50  1.34
1054 20140830 193306.043 64.77871 -16.92481 12.479  1.10  1.07
1055 20140830 193537.174 64.87393 -16.84307  8.259  1.96  1.42
1056 20140830 194213.904 64.85895 -16.84432 11.887  1.56  0.95
1057 20140830 194345.933 64.83732 -16.87686 13.124  1.43  1.30
1058 20140830 194408.566 64.88561 -16.82829 10.900  1.28  1.32
1059 20140830 194459.927 64.78963 -16.92523 14.246  1.08  0.76
1060 20140830 194524.960 64.81198 -16.91702 13.622  1.12  0.88
1061 20140830 194659.108 64.79436 -16.90628 10.028  1.91  1.43
1062 20140830 194843.085 64.75740 -16.95222 13.906  1.26  1.47
1063 20140830 195208.774 64.79421 -16.90918 12.019  1.46  0.89
1064 20140830 195432.386 64.79382 -16.90842 10.966  1.55  1.20
1065 20140830 195454.696 65.10896 -16.38644  4.564  1.43  1.41
1066 20140830 200003.994 64.61973 -17.45541  5.011  3.69  2.28
1067 20140830 200758.967 64.84231 -16.88166  9.900  1.50  1.39
1068 20140830 202122.670 64.82357 -16.88564 11.337  1.38  1.08
1069 20140830 202146.329 64.78674 -16.93638 15.588  1.58  1.20
1070 20140830 202218.054 64.81371 -16.92891 14.856  1.45  1.11
1071 20140830 202251.938 64.66988 -17.56775  6.512  1.66  1.21
1072 20140830 202338.370 64.85923 -16.85075  9.421  1.71  1.61
1073 20140830 202410.920 64.84542 -16.86102 10.579  1.80  1.26
1074 20140830 202434.507 64.79218 -16.90470 10.555  1.30  1.02
1075 20140830 203058.506 64.83511 -16.87931 11.275  1.51  1.15
1076 20140830 203144.971 64.79149 -16.91954 15.419  1.47  1.12
1077 20140830 203517.844 64.80170 -16.91322 13.171  1.59  1.21
1078 20140830 204013.943 65.12679 -16.35072  2.553  1.61  1.28
1079 20140830 204050.458 64.78954 -16.90747 11.434  1.57  1.02
1080 20140830 204248.374 64.86878 -16.83898 11.592  1.32  1.13
1081 20140830 204413.271 65.03957 -16.49429  5.364  1.63  1.40
1082 20140830 204456.229 64.83168 -16.88933 13.820  1.32  1.09
1083 20140830 204816.875 64.79047 -16.90504 11.130  1.19  0.95
1084 20140830 204846.824 64.83823 -16.88104  6.084  1.84  1.37
1085 20140830 205058.186 64.79201 -16.91369 13.377  1.79  1.54
1086 20140830 205312.320 64.79034 -16.91486 14.687  1.79  1.41
1087 20140830 210104.907 64.83690 -16.91196 11.995  0.95  0.93
1088 20140830 210139.145 66.27222 -18.49905 11.135  2.70  3.13
1089 20140830 210244.718 64.80503 -16.91500 13.275  1.50  1.24
1090 20140830 210305.426 64.78683 -16.90711 12.036  1.57  1.29
1091 20140830 210429.131 64.85804 -16.84709 10.061  3.08  2.72
1092 20140830 210716.274 64.86268 -16.84421 12.050  2.29  1.76
1093 20140830 210841.094 64.85771 -16.84641 11.653  2.22  1.74
1094 20140830 211338.119 64.86026 -16.84366  6.909  1.97  1.76
1095 20140830 211635.285 64.83571 -16.87242 12.566  2.11  1.78
1096 20140830 211837.974 66.27348 -18.51026  8.126  1.65  1.98
1097 20140830 212220.696 64.87149 -16.84104 12.430  1.13  0.75
1098 20140830 212346.115 64.82040 -16.90104 11.798  1.60  1.45
1099 20140830 212716.113 64.82077 -16.89931  6.994  1.97  1.59
1100 20140830 212716.130 64.81796 -16.89534 10.045  2.01  1.59
1101 20140830 212731.927 64.81771 -16.90097 12.502  2.41  2.02
1102 20140830 212807.004 64.77452 -16.92698 10.897  1.97  1.74
1103 20140830 213159.468 66.27454 -18.51272  8.046  1.47  1.80
1104 20140830 213416.483 64.79164 -16.91106 13.538  1.74  1.15
1105 20140830 213714.874 64.79969 -16.91586  9.141  1.85  1.47
1106 20140830 213841.343 64.67709 -17.58238  6.637  1.70  0.98
1107 20140830 213932.696 64.77685 -16.92192  7.318  0.84  0.72
1108 20140830 214040.559 64.78881 -16.92281 11.412  1.06  0.96
1109 20140830 214118.710 64.80811 -16.90739 11.738  0.71  0.75
1110 20140830 215334.817 64.79852 -16.91198 12.972  1.62  1.06
1111 20140830 215549.184 64.81944 -16.87909 12.332  1.25  0.79
1112 20140830 215914.269 64.79299 -16.91141 14.350  1.64  1.48
1113 20140830 220151.045 65.11726 -16.36829  1.376  1.60  1.54
1114 20140830 223049.968 65.11950 -16.35228  2.480  1.65  1.87
1115 20140830 223655.441 64.82982 -16.89318 14.246  1.33  1.27
1116 20140830 224015.747 64.81723 -16.90821 12.779  1.49  1.32
1117 20140830 224201.182 64.81103 -16.90952 12.496  1.24  1.20
1118 20140830 225341.231 64.87519 -16.84162 12.482  1.34  1.22
1119 20140830 225552.629 64.84957 -16.85614 11.445  1.68  1.49
1120 20140830 230537.326 64.87474 -16.84264 11.911  1.77  1.51
1121 20140830 230729.331 64.86766 -16.83979  7.229  1.59  1.31
1122 20140830 231017.577 64.87146 -16.84237  4.809  1.71  1.74
1123 20140830 231357.602 64.77235 -16.93977 11.963  2.09  2.09
1124 20140830 231510.031 64.83486 -16.88909 13.083  1.04  1.17
1125 20140830 231840.564 65.12852 -16.35062  1.632  2.03  2.23
1126 20140830 232707.969 65.12245 -16.35133  0.911  1.70  1.53
1127 20140830 233424.394 64.64959 -17.53534  4.691  3.10  2.34
1128 20140831 000249.948 64.85992 -16.84860  9.790  1.92  1.78
1129 20140831 000633.741 65.11838 -16.37811  1.980  1.73  1.35
1130 20140831 000701.800 65.11623 -16.37858  2.351  1.74  1.36
1131 20140831 001505.747 64.85848 -16.85258  9.087  1.05  1.02
1132 20140831 001626.691 64.79240 -16.90953 13.349  1.56  1.26
1133 20140831 001810.166 64.67079 -17.45373  7.448  3.76  2.51
1134 20140831 002109.063 65.04463 -16.59428  3.997  0.92  0.66
1135 20140831 002310.267 65.04059 -16.59272  3.693  1.34  1.31
1136 20140831 002844.832 66.22008 -18.25732 12.302  1.37  1.72
1137 20140831 002938.210 64.87280 -16.84393 12.561  1.68  1.63
1138 20140831 003019.319 64.87053 -16.82839 12.437  1.12  0.93
1139 20140831 003127.270 64.87050 -16.84228 13.660  1.56  1.32
1140 20140831 003312.058 64.84399 -16.86399 13.853  2.97  2.86
1141 20140831 003346.601 64.81687 -16.91092 12.359  2.06  1.62
1142 20140831 003525.456 64.83884 -16.87823  8.708  1.60  1.38
1143 20140831 003928.855 64.86890 -16.85806 11.049  1.80  1.60
1144 20140831 004015.422 64.77408 -16.92158 12.370  1.43  0.90
1145 20140831 005548.939 64.84592 -16.86756 13.340  2.39  2.13
1146 20140831 005842.765 64.85979 -16.84652 10.857  1.61  1.46
1147 20140831 005955.620 64.84547 -16.86441 14.085  3.21  2.83
1148 20140831 010101.247 64.85352 -16.85752 12.558  1.29  1.16
1149 20140831 010119.076 64.85382 -16.86667 13.882  1.92  1.49
1150 20140831 010401.493 64.84605 -16.86197 13.964  2.99  2.62
1151 20140831 013153.677 64.75525 -17.82472  0.796  1.95  1.50
1152 20140831 013331.843 64.85719 -16.85915 12.582  1.89  1.94
1153 20140831 013435.753 66.27219 -18.50664  9.786  1.18  1.50
1154 20140831 013532.142 64.81005 -16.90256 14.040  2.65  2.36
1155 20140831 013906.996 65.03362 -16.59072  2.271  1.33  1.35
1156 20140831 014113.379 64.67874 -17.55824  8.583  1.80  1.65
1157 20140831 014300.184 64.83291 -16.87606 10.634  0.92  0.99
1158 20140831 014316.335 64.86367 -16.84637 10.606  1.79  1.28
1159 20140831 014557.292 64.85986 -16.84606 10.204  1.18  0.99
1160 20140831 014700.503 64.86165 -16.85002 12.714  2.27  2.13
1161 20140831 014731.531 64.80073 -16.90686 11.861  1.17  0.95
1162 20140831 014848.977 65.07147 -16.54706  0.908  0.74  0.51
1163 20140831 015651.350 64.66908 -17.47862  4.829  2.58  1.65
1164 20140831 015739.999 64.86692 -16.84831 12.266  1.47  1.31
1165 20140831 015805.915 65.19782 -16.30405 10.388  1.74  1.87
1166 20140831 015903.328 65.04095 -16.58836  4.456  1.05  0.81
1167 20140831 020524.426 64.86395 -16.84344 13.438  2.10  2.14
1168 20140831 020756.721 64.67812 -17.45437  8.053  2.07  1.42
1169 20140831 020933.948 64.82691 -16.89840 12.992  1.66  1.21
1170 20140831 021335.856 65.12966 -16.34621  2.146  1.01  1.07
1171 20140831 021812.616 64.87346 -16.84559 11.817  1.74  1.70
1172 20140831 021941.493 65.13502 -16.34351  1.426  1.03  0.92
1173 20140831 022037.173 64.62419 -17.46834 10.597  2.16  1.60
1174 20140831 022220.522 64.78960 -16.93642 13.791  1.22  0.80
1175 20140831 022407.002 65.12719 -16.33911  1.084  2.07  1.81
1176 20140831 022607.118 64.85029 -16.86929 13.146  1.38  1.67
1177 20140831 022755.628 64.86743 -16.84735 12.160  1.12  1.11
1178 20140831 022848.907 65.12416 -16.36254  4.763  1.65  1.19
1179 20140831 022927.077 65.10380 -16.46343  5.360  2.04  1.75
1180 20140831 023149.399 64.86745 -16.85023 12.131  1.30  1.14
1181 20140831 023432.842 64.83052 -16.89901  6.692  1.03  0.78
1182 20140831 023526.824 64.86995 -16.84812 11.381  1.10  0.85
1183 20140831 024751.455 64.86176 -16.84490  9.902  2.95  2.81
1184 20140831 030201.268 65.12426 -16.35711  4.646  0.99  1.33
1185 20140831 031334.329 64.82423 -16.91277  8.937  1.35  1.47
1186 20140831 031345.998 64.67822 -17.51215  7.622  2.14  1.85
1187 20140831 031826.811 65.12644 -16.35021  2.794  1.95  1.88
1188 20140831 032052.881 64.79539 -16.92363 13.658  1.40  1.22
1189 20140831 032122.093 64.82809 -16.91006  8.906  0.86  0.35
1190 20140831 032613.937 64.79524 -16.92698 14.051  1.10  0.70
1191 20140831 032658.287 65.12818 -16.34307  5.005  2.45  2.20
1192 20140831 032801.396 64.85823 -16.84967 12.375  1.84  1.01
1193 20140831 032830.687 65.06802 -16.54615  1.496  1.09  0.82
1194 20140831 033544.709 64.83983 -16.87995 12.165  1.37  1.07
1195 20140831 033721.826 65.12892 -16.34227  5.825  2.10  2.01
1196 20140831 033829.979 64.87797 -16.84046 12.505  1.40  1.22
1197 20140831 034016.796 64.81512 -16.91858 13.555  1.71  1.04
1198 20140831 034053.961 64.86374 -16.84663 12.198  1.52  1.14
1199 20140831 034151.983 65.11479 -16.37351 12.732  0.72  0.64
1200 20140831 034212.436 64.76890 -16.93016 11.530  1.36  1.18
1201 20140831 034305.618 64.84926 -16.86909 13.375  1.34  1.71
1202 20140831 034516.917 64.76120 -16.94405 14.850  1.75  1.25
1203 20140831 035743.121 64.86866 -16.84808 12.336  1.14  1.34
1204 20140831 035921.879 64.87390 -16.84359 12.309  1.83  1.73
1205 20140831 040201.802 64.80756 -16.91644 13.392  2.13  1.83
1206 20140831 040333.703 64.86319 -16.84876 12.333  1.89  1.64
1207 20140831 040438.730 64.81748 -16.87964 11.737  1.92  0.99
1208 20140831 040541.831 65.11069 -16.37588  4.422  1.97  2.06
1209 20140831 040734.620 64.79722 -16.91894 14.172  1.29  1.08
1210 20140831 040759.198 64.88888 -16.83392 11.778  1.10  0.89
1211 20140831 041312.607 64.67375 -17.58048  8.035  1.60  1.08
1212 20140831 041552.024 65.12231 -16.35221  5.665  1.97  2.04
1213 20140831 041655.164 64.85806 -16.84499 11.581  1.08  0.95
1214 20140831 041825.160 64.66040 -17.55587  4.542  1.31  1.24
1215 20140831 041931.429 65.10310 -16.37836 13.135  1.63  1.69
1216 20140831 042059.908 64.62282 -17.43632  9.020  2.25  1.74
1217 20140831 042150.002 64.81229 -16.91694 15.924  1.20  0.88
1218 20140831 042208.879 64.85339 -16.84769  9.807  0.52  0.39
1219 20140831 042248.384 66.26941 -18.50466  9.833  1.02  1.43
1220 20140831 042328.507 64.82958 -16.86909 12.253  1.31  1.06
1221 20140831 042400.746 64.86856 -16.84758 11.615  1.12  0.92
1222 20140831 042541.241 64.85600 -16.84690 12.404  1.11  1.03
1223 20140831 042601.939 64.86620 -16.85197 13.716  1.27  1.06
1224 20140831 042646.259 64.84798 -16.84968 11.671  0.51  0.35
1225 20140831 042748.578 64.85320 -16.83142  4.858  1.32  0.58
1226 20140831 042845.027 64.87124 -16.85393 13.717  1.32  1.15
1227 20140831 043025.214 64.86038 -16.84602 12.778  1.30  1.18
1228 20140831 043429.015 64.66478 -17.53604  6.701  2.59  2.46
1229 20140831 043756.312 65.14100 -16.32619  1.767  1.35  1.21
1230 20140831 043920.928 64.65964 -17.54252  9.640  1.87  1.68
1231 20140831 044121.156 64.84180 -16.86629 11.025  0.63  1.01
1232 20140831 044415.553 64.79350 -16.91629 13.702  1.39  1.22
1233 20140831 044539.815 65.12614 -16.35133  6.556  2.03  1.63
1234 20140831 044757.408 64.85763 -16.87536 11.087  0.92  1.12
1235 20140831 044855.868 64.85392 -16.85131 12.224  1.00  0.83
1236 20140831 045515.566 64.83315 -16.79649  4.141  0.94  0.86
1237 20140831 045641.938 64.79402 -16.91545 12.950  1.11  0.85
1238 20140831 045811.814 64.78979 -16.92231 13.748  1.31  1.25
1239 20140831 050033.214 64.86248 -16.85370  9.234  2.01  1.92
1240 20140831 050312.561 64.83025 -16.87422 12.746  1.31  1.01
1241 20140831 050353.940 64.66248 -17.54913  6.693  1.81  1.38
1242 20140831 050418.242 64.87973 -16.84121 12.860  1.67  1.20
1243 20140831 051133.089 64.83153 -16.88092 13.851  1.35  0.97
1244 20140831 051342.995 64.86578 -16.84850 11.912  1.77  1.63
1245 20140831 051842.046 64.86169 -16.84953 11.336  1.59  0.96
1246 20140831 052036.442 64.65997 -17.52172  5.631  1.39  1.16
1247 20140831 052204.361 64.78268 -16.90183 11.867  0.90  0.91
1248 20140831 052238.419 64.78704 -16.93552 12.758  1.07  1.03
1249 20140831 052302.259 65.12248 -16.35901  5.762  1.73  1.12
1250 20140831 052321.461 64.67028 -17.55659  7.219  2.22  1.34
1251 20140831 052533.524 64.79627 -16.92860 14.775  1.43  1.73
1252 20140831 052755.646 65.10641 -16.38341 11.887  2.13  1.88
1253 20140831 053058.470 64.66352 -17.54987  9.687  3.64  2.06
1254 20140831 053201.022 64.88480 -16.82530  9.517  1.33  1.17
1255 20140831 053244.278 64.79154 -16.91572 15.021  1.35  1.15
1256 20140831 053358.792 64.66768 -17.41448  3.110  3.57  2.06
1257 20140831 053908.455 64.86087 -16.84700 11.185  1.71  1.28
1258 20140831 054117.996 65.10136 -16.84047  6.204  1.81  1.31
1259 20140831 054356.688 64.83422 -16.87054 10.688  1.50  0.79
1260 20140831 054427.300 65.11351 -16.38166  4.588  0.92  1.00
1261 20140831 054644.738 65.12460 -16.37370  5.755  1.14  0.99
1262 20140831 054919.484 64.84497 -16.85617 12.572  0.86  0.78
1263 20140831 055503.263 65.12167 -16.36638  5.207  1.01  0.79
1264 20140831 055556.135 64.85980 -16.84810 13.528  2.71  2.49
1265 20140831 060500.382 64.90903 -16.84006  2.432  2.44  1.75
1266 20140831 060854.293 65.04842 -16.44655 17.434  1.28  1.28
1267 20140831 060959.422 64.86576 -16.84448 12.142  1.43  0.99
1268 20140831 061537.570 66.27001 -18.51269 10.583  1.51  1.90
1269 20140831 062411.155 66.26881 -18.51077  9.898  1.39  1.93
1270 20140831 062721.890 64.65222 -17.53758  8.966  1.93  1.67
1271 20140831 062843.227 66.26775 -18.51077 10.709  2.26  2.34
1272 20140831 063229.360 64.67074 -17.45780  7.321  2.44  2.05
1273 20140831 064018.154 64.86210 -16.84429 11.481  1.79  1.47
1274 20140831 064338.383 64.78925 -16.91711 14.982  1.82  1.18
1275 20140831 064413.649 64.80689 -16.90370 11.571  1.10  0.94
1276 20140831 065317.856 64.63582 -17.50807  4.061  2.02  1.49
1277 20140831 070159.978 66.26750 -18.50398 10.217  1.28  1.75
1278 20140831 073103.676 64.65189 -17.50717  6.794  2.14  1.68
1279 20140831 073611.045 65.12141 -16.36263  6.271  0.89  0.78
1280 20140831 074250.237 64.78827 -16.91160 14.071  1.22  1.18
1281 20140831 075336.595 65.10550 -16.40015  1.020  1.90  1.43
1282 20140831 075521.441 65.10567 -16.39884  2.209  1.29  1.12
1283 20140831 075814.733 64.88656 -16.82003  6.017  2.14  1.91
1284 20140831 081049.287 64.66901 -17.35107  2.714  1.95  1.76
1285 20140831 083601.854 65.12904 -16.35563  3.082  1.23  0.99
1286 20140831 084911.128 65.10047 -16.47281  4.140  1.85  1.75
1287 20140831 085350.465 65.11398 -16.37308  5.516  2.05  1.44
1288 20140831 085541.461 65.11258 -16.36816  3.085  2.07  1.49
1289 20140831 090221.112 65.05666 -16.54247  3.794  0.92  0.77
1290 20140831 090246.945 65.12321 -16.36596  7.286  1.30  1.32
1291 20140831 091405.512 64.66932 -17.53291  7.627  1.82  1.52
1292 20140831 092629.009 64.61888 -17.43600  4.210  3.12  2.15
1293 20140831 092703.965 65.13560 -16.33907  3.362  1.47  1.20
1294 20140831 093259.866 65.04502 -16.56608  4.595  1.06  0.96
1295 20140831 093727.116 64.80012 -16.91597 14.167  1.86  1.65
1296 20140831 095607.288 65.11725 -16.45763  4.734  0.71  0.77
1297 20140831 100212.533 65.10213 -16.42733  2.720  1.17  0.95
1298 20140831 102121.906 65.04382 -16.56278  3.858  1.36  1.21
1299 20140831 103836.340 65.11703 -16.36419  2.555  1.14  0.90
1300 20140831 104845.620 64.83674 -16.88060 11.064  1.97  1.82
1301 20140831 110025.140 65.03867 -16.57155  4.292  1.28  1.35
1302 20140831 110052.519 65.04275 -16.56976  4.769  1.52  1.40
1303 20140831 110201.592 65.04004 -16.57006  4.267  1.60  1.54
1304 20140831 110446.939 65.11420 -16.37494  4.525  3.01  2.68
1305 20140831 110927.474 66.26579 -18.51196  9.768  1.98  2.34
1306 20140831 111033.019 65.11017 -16.37748  4.759  1.77  1.38
1307 20140831 111850.655 65.07838 -16.41851 15.267  2.00  1.59
1308 20140831 111906.475 65.11481 -16.37788  8.020  1.86  1.84
1309 20140831 112325.713 65.11233 -16.37877  7.851  2.01  1.73
1310 20140831 113433.161 65.09600 -16.42746  3.236  1.51  0.94
1311 20140831 113456.358 65.14451 -16.30133  2.945  1.03  0.95
1312 20140831 114100.913 65.12321 -16.35236  5.106  1.97  1.31
1313 20140831 114313.930 65.12933 -16.33204  1.956  1.23  0.93
1314 20140831 115616.521 65.10040 -16.40513  1.470  2.34  2.36
1315 20140831 120145.970 64.67550 -17.41482  5.211  5.11  3.74
1316 20140831 120523.688 66.26375 -18.50989  9.501  1.84  2.15
1317 20140831 121734.700 65.10749 -16.39313  6.569  1.80  1.72
1318 20140831 121817.158 65.11336 -16.38366  2.572  2.77  2.73
1319 20140831 121842.907 65.11560 -16.37512  2.993  2.10  2.22
1320 20140831 122030.219 65.11001 -16.38412  4.842  1.75  1.47
1321 20140831 122328.272 65.12291 -16.35904  3.751  2.79  2.61
1322 20140831 122621.645 65.12198 -16.36348  6.256  1.38  0.99
1323 20140831 123042.135 64.68429 -17.43824 10.550  2.44  2.01
1324 20140831 123153.781 65.11597 -16.37805  4.401  1.33  1.05
1325 20140831 123256.493 65.10145 -16.40585  5.505  2.60  2.24
1326 20140831 123339.334 65.11516 -16.37476  5.334  1.83  1.71
1327 20140831 123922.585 65.12400 -16.35826  8.168  1.41  1.25
1328 20140831 124029.008 65.10641 -16.40287  5.156  2.30  1.66
1329 20140831 124117.753 65.10352 -16.40148 10.357  2.51  2.39
1330 20140831 124152.811 65.10405 -16.40141  4.703  2.10  1.53
1331 20140831 124751.418 65.11569 -16.39216  5.196  1.38  0.81
1332 20140831 124953.270 65.10146 -16.40347  8.428  1.32  1.47
1333 20140831 125148.153 64.86557 -16.84564 11.547  2.42  2.30
1334 20140831 132804.372 64.86435 -16.82752 14.132  1.62  1.31
1335 20140831 132910.419 65.10863 -16.39050  4.143  2.09  1.81
1336 20140831 133526.548 65.12316 -16.36105  3.986  1.17  0.86
1337 20140831 133551.978 65.13971 -16.32009  2.779  1.16  1.00
1338 20140831 133843.263 65.12553 -16.35565  5.858  1.40  1.49
1339 20140831 140542.358 65.09914 -16.39167 11.855  0.93  0.45
1340 20140831 140805.973 64.80546 -16.92377 14.376  1.23  1.32
1341 20140831 141528.787 64.85880 -16.84937  7.432  1.91  1.91
1342 20140831 142203.670 65.13767 -16.32507  0.915  0.88  0.67
1343 20140831 142940.049 64.86330 -16.84813 13.494  1.49  1.42
1344 20140831 143100.433 65.10213 -16.38619 12.580  1.33  0.82
1345 20140831 145100.241 65.11104 -16.38196  5.684  2.64  2.47
1346 20140831 145256.067 64.86488 -16.84665 11.771  1.84  1.65
1347 20140831 145647.564 64.82567 -16.90741  8.095  1.42  1.25
1348 20140831 151416.430 64.87217 -16.84089 11.864  1.50  1.26
1349 20140831 151511.793 65.72394 -17.47227  0.323  1.47  1.10
1350 20140831 152600.236 65.10003 -16.40851  6.457  2.04  1.92
1351 20140831 153027.641 65.10597 -16.41543  1.446  0.80  0.88
1352 20140831 154402.601 65.12959 -16.34194  1.646  2.05  2.04
1353 20140831 154613.778 65.08847 -16.43348  3.708  1.47  1.05
1354 20140831 155201.729 64.79248 -16.90699 12.867  1.44  1.12
1355 20140831 161233.154 64.66663 -17.51309  6.272  4.94  3.54
1356 20140831 161405.746 65.03813 -16.56350  4.304  1.57  1.44
1357 20140831 161621.004 64.86890 -16.84079  3.160  1.55  1.40
1358 20140831 162910.529 65.03505 -16.57323  4.567  1.52  1.07
1359 20140831 164928.366 66.26688 -18.51155 10.746  2.51  2.45
1360 20140831 170138.803 66.26923 -18.51402  8.963  0.89  1.02
1361 20140831 170621.389 64.86285 -16.85011 11.771  2.09  1.98
1362 20140831 170839.217 64.86378 -16.85440 11.745  1.16  1.10
1363 20140831 170917.861 66.26411 -18.50855  8.325  1.12  1.31
1364 20140831 173142.678 64.61743 -17.46724 10.967  2.80  2.86
1365 20140831 173257.355 64.79069 -16.92061 13.571  1.34  1.23
1366 20140831 173954.772 64.87661 -16.84023 12.512  1.25  1.32
1367 20140831 175541.537 65.12621 -16.40238  8.280  1.15  1.20
1368 20140831 180020.326 64.87177 -16.85215 10.991  1.21  1.08
1369 20140831 180524.760 64.86489 -16.84594 12.079  1.83  1.78
1370 20140831 180838.335 65.10464 -16.39989  4.732  1.85  1.47
1371 20140831 181446.764 65.12837 -16.35081  3.518  0.70  0.48
1372 20140831 181647.285 65.10924 -16.39255  2.403  0.99  0.86
1373 20140831 181806.258 64.87440 -16.84492 12.396  1.78  1.58
1374 20140831 181944.530 64.77533 -16.93499 13.607  1.55  1.36
1375 20140831 182243.358 65.10447 -16.41580  1.181  1.27  0.61
1376 20140831 182817.434 64.67079 -17.50902  6.569  2.31  1.75
1377 20140831 184559.789 64.80388 -16.92072 14.633  2.08  1.28
1378 20140831 184920.408 64.84183 -16.84309 10.054  1.19  0.99
1379 20140831 185224.151 64.85683 -16.84445 12.411  1.36  1.17
1380 20140831 190039.229 64.66834 -17.53329  7.379  1.91  1.77
1381 20140831 192523.571 65.11172 -16.38159  2.795  2.09  1.82
1382 20140831 192616.927 65.12104 -16.36758  5.433  1.27  1.15
1383 20140831 193022.711 65.06091 -16.44470 14.745  1.33  0.66
1384 20140831 193830.945 64.78473 -16.91733 11.206  2.06  2.03
1385 20140831 194818.128 64.78856 -16.91215 13.891  1.68  1.71
1386 20140831 195135.694 64.86260 -16.85103 11.991  1.97  2.21
1387 20140831 195152.840 64.86349 -16.84992 10.980  2.89  2.61
1388 20140831 200215.607 64.86219 -16.85090 11.453  2.05  1.92
1389 20140831 200331.290 64.80583 -16.91205 12.980  1.49  1.34
1390 20140831 200358.820 64.86384 -16.84970 12.245  1.65  1.66
1391 20140831 200430.744 64.86004 -16.85807  9.188  2.29  2.09
1392 20140831 202101.582 64.85992 -16.85311 12.670  1.66  1.44
1393 20140831 202351.413 64.64995 -17.53323  6.759  2.13  1.73
1394 20140831 202616.612 65.02761 -16.60094  4.623  1.34  1.26
1395 20140831 203039.939 64.65917 -17.55488  7.094  2.09  1.93
1396 20140831 203300.012 64.89102 -16.83329 11.371  1.03  1.13
1397 20140831 203407.880 64.82817 -16.88158 12.891  1.35  1.19
1398 20140831 204958.601 64.67101 -17.43369  8.607  2.34  2.20
1399 20140831 210337.073 64.84103 -16.87003 13.324  2.06  1.69
1400 20140831 211052.599 64.86055 -16.85451 11.043  1.28  1.11
1401 20140831 211125.302 65.09406 -16.41697  4.129  2.03  1.63
1402 20140831 211251.634 64.73778 -17.80553  3.307  2.21  2.06
1403 20140831 211347.052 65.11765 -16.36896  6.903  1.64  1.46
1404 20140831 211411.971 64.79562 -16.91057 14.456  1.49  1.20
1405 20140831 212903.362 65.11018 -16.38640  3.773  1.82  1.73
1406 20140831 213556.212 64.87297 -16.84752 12.686  1.74  1.71
1407 20140831 213818.713 64.78341 -16.97219 15.202  1.24  1.16
1408 20140831 214153.995 64.87236 -16.84797  7.877  1.35  1.21
1409 20140831 214456.406 65.10143 -16.39916  0.338  2.38  2.46
1410 20140831 214621.716 65.11115 -16.38871  3.315  2.13  1.79
1411 20140831 215515.745 64.67358 -17.46139  7.723  2.36  2.21
1412 20140831 215741.729 65.10142 -16.40139  4.719  1.49  1.20
1413 20140831 220026.421 64.66451 -17.51741  3.669  2.07  2.18
1414 20140831 220252.712 64.77119 -16.93269 12.186  1.50  1.45
1415 20140831 220411.409 64.86655 -16.84780 11.070  1.79  1.48
1416 20140831 221558.267 66.26435 -18.50838  9.503  1.33  1.81
1417 20140831 222010.898 64.84716 -16.86909 10.780  1.36  1.07
1418 20140831 222751.037 65.10679 -16.39579  4.962  2.59  2.26
1419 20140831 223048.406 65.10745 -16.39263  3.448  1.79  1.64
1420 20140831 223154.850 65.10321 -16.40022  5.636  2.03  1.97
1421 20140831 223315.288 65.10910 -16.39284  4.582  2.26  2.33
1422 20140831 224744.618 64.62701 -17.37685  9.980  2.08  1.82
1423 20140831 225442.265 65.10717 -16.39794  5.420  2.09  1.92
1424 20140831 231256.241 65.03352 -16.59282  2.565  1.15  1.01
1425 20140831 231735.000 65.03435 -16.43988  4.353  0.77  0.72
1426 20140831 232627.855 65.08614 -16.44068  6.077  1.72  1.69
