  Nr    Dags.    Timi      Breidd     Lengd   Dypi   M     ML
   1 20140908 000644.804 63.61161 -19.14005  0.135  1.34  0.43
   2 20140908 001334.064 64.84056 -16.87077  4.826  0.69  0.54
   3 20140908 001905.321 64.76373 -16.95044 11.037  0.96  0.84
   4 20140908 002519.801 64.78038 -16.89393  6.712  1.13  0.29
   5 20140908 002551.657 64.85126 -16.87169  7.194  1.20  0.97
   6 20140908 002755.866 64.85519 -16.86560  4.823  0.97  0.94
   7 20140908 003213.796 64.78281 -16.92750  0.135  1.01  0.88
   8 20140908 003602.260 64.80883 -16.88475  5.584  0.84  0.37
   9 20140908 005414.999 65.05177 -16.53819  4.822  0.90  0.86
  10 20140908 005948.827 64.73315 -16.89037  4.230  0.83  0.64
  11 20140908 010438.381 65.12450 -16.37876  4.352  0.77  0.54
  12 20140908 011149.431 64.67814 -17.57104  4.711  1.25  1.08
  13 20140908 011247.453 64.68700 -17.70506 23.036  1.45  0.63
  14 20140908 012429.317 63.89944 -22.23794  7.295  1.84  1.64
  15 20140908 012934.042 64.71036 -17.52358 16.536  1.05  0.84
  16 20140908 013508.013 64.68710 -17.49401  0.270  0.68  0.86
  17 20140908 013851.664 64.79778 -16.92593 11.313  0.95  0.87
  18 20140908 014504.392 64.79475 -16.92000  7.813  0.60  0.58
  19 20140908 014737.526 64.79927 -16.91345  8.877  1.00  1.02
  20 20140908 015732.456 64.80582 -16.92134  8.141  0.79  0.54
  21 20140908 021456.066 64.79512 -16.95552 14.879  1.05  0.90
  22 20140908 022853.957 64.86150 -16.84863  4.909  1.68  1.48
  23 20140908 023227.184 64.79670 -16.92582 11.430  1.62  1.30
  24 20140908 024532.792 65.12013 -16.38260  5.966  0.81  0.69
  25 20140908 024549.334 64.78733 -16.89942 11.029  0.72  0.74
  26 20140908 025419.333 64.79769 -16.91109  8.765  0.89  0.69
  27 20140908 031308.506 65.11663 -16.37610  7.569  1.32  1.04
  28 20140908 033618.424 64.79099 -16.92036  9.854  0.96  0.57
  29 20140908 033857.884 64.79157 -16.92819 11.111  0.81  0.75
  30 20140908 034815.996 65.04607 -16.50887  8.855  1.77  0.90
  31 20140908 035526.054 64.79267 -16.88882  8.403  0.77  0.57
  32 20140908 040037.712 64.80279 -16.91328  8.931  2.02  1.50
  33 20140908 041109.647 64.67329 -17.46353  0.669  1.62  1.51
  34 20140908 041810.584 64.78853 -16.91368 12.694  1.07  0.62
  35 20140908 042713.599 64.79862 -16.89681  8.917  0.84  0.59
  36 20140908 042733.408 64.79490 -16.90013  7.504  1.06  0.74
  37 20140908 045822.696 64.62869 -17.55087  5.711  1.37  0.72
  38 20140908 045856.766 63.54935 -19.11246  0.135  0.42  0.38
  39 20140908 050008.717 64.79065 -16.91133  8.243  1.30  0.96
  40 20140908 054932.124 64.81821 -16.91670  8.317  1.15  0.66
  41 20140908 055119.364 63.65938 -19.12245  0.038  2.38  1.70
  42 20140908 055209.721 63.65754 -19.13073  0.027  1.76  1.39
  43 20140908 060721.888 64.61948 -17.56770  2.987  1.73  1.69
  44 20140908 061215.479 64.79057 -16.92496 10.705  0.91  0.76
  45 20140908 061541.302 64.67050 -17.47017  6.535  4.82  3.26
  46 20140908 064519.322 64.80107 -16.90132 11.241  1.40  1.08
  47 20140908 064659.082 63.65506 -19.13417  0.039  1.69  1.24
  48 20140908 064730.993 64.80080 -16.90651 11.267  1.58  1.27
  49 20140908 065714.881 63.65721 -19.13671  0.040  1.52  0.68
  50 20140908 071704.583 65.11938 -16.34554 10.542  0.86  1.09
  51 20140908 071941.874 64.79646 -16.92282 10.096  0.84  0.71
  52 20140908 072004.551 64.61753 -17.39604  4.731  4.63  3.48
  53 20140908 074716.546 64.79564 -16.91170 11.102  1.46  1.05
  54 20140908 075759.460 64.80363 -16.89841  8.992  0.91  0.74
  55 20140908 084821.732 65.14825 -16.28447  1.169  0.67  0.91
  56 20140908 092025.817 64.81663 -16.90987  8.733  0.95  0.72
  57 20140908 101736.147 63.65084 -19.06294  0.337  0.79  0.63
  58 20140908 104216.279 64.81844 -16.90812  9.062  1.05  1.02
  59 20140908 105147.685 64.79356 -16.90764  8.230  1.40  0.74
  60 20140908 110329.296 65.20983 -16.35886 14.541  0.57  0.65
  61 20140908 113715.067 64.80495 -16.92955 11.156  1.15  1.11
  62 20140908 113808.107 64.66478 -17.39146  3.023  1.55  1.84
  63 20140908 114005.085 63.55950 -19.15051 38.120  1.48  0.98
  64 20140908 114009.603 63.61340 -19.12088  0.097  1.81  0.81
  65 20140908 114228.710 64.79292 -16.93623 11.267  0.82  0.63
  66 20140908 115350.656 65.11153 -16.34667 12.821  1.22  1.21
  67 20140908 120531.612 65.13464 -16.33418  8.204  0.73  1.06
  68 20140908 123047.780 64.72743 -17.45882  7.005  1.51  1.19
  69 20140908 123609.228 63.61478 -19.12136  3.881  1.39  0.52
  70 20140908 132153.727 65.20806 -16.36693 14.620  0.59  0.89
  71 20140908 132312.657 63.64446 -19.06945  0.037  1.35  0.84
  72 20140908 132427.299 63.61086 -19.11833  1.214  1.48  1.11
  73 20140908 132850.396 63.64615 -19.07081  0.135  1.61  0.85
  74 20140908 144757.534 64.65172 -17.54684  5.486  4.97  3.73
  75 20140908 145257.271 65.21239 -16.36708 11.545  0.72  0.95
  76 20140908 145752.399 65.13200 -16.31528  9.001  0.42  0.52
  77 20140908 145957.923 65.20808 -16.36853 15.602  0.57  0.74
  78 20140908 150251.147 63.88926 -22.24061  7.267  1.07  0.74
  79 20140908 150952.730 64.67336 -17.53056  6.798  0.81  0.63
  80 20140908 151152.065 65.12457 -16.32605  6.355  1.10  1.33
  81 20140908 151906.680 64.62811 -17.51842  7.915  2.10  1.71
  82 20140908 151912.588 64.34371 -18.10579  0.135  2.33  1.33
  83 20140908 152333.814 64.79089 -16.90174  7.308  1.11  0.95
  84 20140908 153900.322 65.22197 -16.34312  4.199  1.48  1.56
  85 20140908 154213.467 64.80199 -16.90027  8.786  1.44  1.08
  86 20140908 154400.299 64.79520 -16.97321  9.192  3.35  3.60
  87 20140908 162206.479 64.79649 -16.89236  7.942  3.04  1.99
  88 20140908 162715.837 64.78875 -16.96955  7.413  4.49  4.04
  89 20140908 163230.355 64.78215 -16.95430  8.137  1.58  1.66
  90 20140908 163502.602 65.21362 -16.37013 14.045  0.66  0.82
  91 20140908 163840.851 64.83410 -16.87299  7.626  1.60  1.28
  92 20140908 163931.184 64.79297 -16.95538  7.828  1.42  1.38
  93 20140908 164144.687 63.89371 -22.23626  6.546  0.88  0.87
  94 20140908 164453.499 65.21944 -16.35353  9.791  0.95  1.19
  95 20140908 164524.282 65.15025 -16.31017  7.030  0.88  1.06
  96 20140908 164941.788 65.21216 -16.36713 13.385  1.23  1.26
  97 20140908 165035.960 65.21979 -16.34361  7.144  1.50  1.55
  98 20140908 165240.021 65.21167 -16.36330 12.979  0.80  0.96
  99 20140908 165601.796 65.21745 -16.35994 11.620  0.63  0.83
 100 20140908 165858.780 64.79076 -16.89648  7.872  0.70  0.59
 101 20140908 165915.290 65.21926 -16.35555 10.175  1.02  1.19
 102 20140908 170329.158 65.21287 -16.36458 13.667  0.79  0.79
 103 20140908 171350.013 65.21418 -16.36624 14.628  0.42  0.66
 104 20140908 171713.511 65.21391 -16.36454 11.635  0.80  0.80
 105 20140908 171812.186 65.21133 -16.36598 12.766  0.66  0.63
 106 20140908 172232.442 65.21460 -16.36500 14.264  0.85  0.94
 107 20140908 172455.430 65.20681 -16.35729 14.062  0.73  0.73
 108 20140908 172541.123 65.21389 -16.35901 10.638  1.19  1.29
 109 20140908 175309.021 64.66212 -17.40025  2.864  4.27  2.89
 110 20140908 180043.845 65.21511 -16.35898 14.166  0.64  0.90
 111 20140908 180151.254 65.22276 -16.35032  7.568  1.26  1.31
 112 20140908 190058.225 65.97369 -18.63550 11.623  1.25  1.35
 113 20140908 190323.689 64.83335 -16.88114  7.833  0.85  1.02
 114 20140908 190437.856 64.64158 -17.54966  8.927  1.74  1.44
 115 20140908 191207.488 65.22152 -16.35501  4.180  0.73  0.98
 116 20140908 191501.382 65.19983 -16.39193 17.568  1.16  1.29
 117 20140908 193928.010 63.89757 -22.23341  6.863  1.73  1.64
 118 20140908 195522.698 65.22056 -16.34607  4.246  1.49  1.58
 119 20140908 195621.960 64.79218 -16.89040  7.408  0.96  0.63
 120 20140908 195832.906 65.22042 -16.34470  4.451  1.55  1.31
 121 20140908 200407.536 65.21833 -16.34982  4.240  1.39  1.64
 122 20140908 200454.867 64.79327 -16.89239  8.162  0.84  0.90
 123 20140908 200519.896 65.22394 -16.34296  3.509  0.75  1.01
 124 20140908 200919.511 65.21244 -16.35881 12.335  0.58  0.69
 125 20140908 200954.486 65.22062 -16.34779  4.294  1.26  1.35
 126 20140908 201250.019 65.21183 -16.36360 12.767  1.04  1.24
 127 20140908 201343.764 63.89897 -22.23663  7.010  2.78  3.02
 128 20140908 201548.464 63.89370 -22.23596  7.079  0.94  0.69
 129 20140908 201621.774 63.89169 -22.23648  7.351  0.82  0.35
 130 20140908 201651.798 65.21354 -16.37144 12.961  0.69  0.89
 131 20140908 201727.519 65.21830 -16.35172  4.828  1.90  1.97
 132 20140908 201841.029 65.14745 -16.29775 11.060  0.51  0.87
 133 20140908 202030.665 63.89570 -22.23840  6.893  1.08  1.07
 134 20140908 202432.467 65.21474 -16.36733 12.261  0.92  1.03
 135 20140908 202557.886 65.20644 -16.37300 14.829  0.61  0.78
 136 20140908 202814.811 64.79620 -16.89105  8.516  1.05  0.99
 137 20140908 202918.372 65.21180 -16.35930 14.433  0.78  0.87
 138 20140908 203329.308 65.05238 -16.20534  0.135  1.61  1.09
 139 20140908 205143.410 64.68192 -17.02362  5.877  0.92  0.80
 140 20140908 205219.965 65.21175 -16.36376 13.612  0.77  0.84
 141 20140908 205330.782 65.21149 -16.35994 12.665  0.77  0.97
 142 20140908 211131.751 63.89239 -22.23433  5.702  0.43  0.28
 143 20140908 211439.813 64.79601 -16.91108  8.812  0.83  0.83
 144 20140908 212514.844 65.22401 -16.34319  3.985  1.11  1.23
 145 20140908 212744.169 63.89361 -22.23768  6.553  0.77  0.63
 146 20140908 212954.711 64.78876 -16.90601  7.518  0.71  0.73
 147 20140908 213037.288 64.75731 -16.93207  8.082  1.07  0.77
 148 20140908 213726.055 64.84734 -16.85995 10.166  0.69  0.79
 149 20140908 213820.982 64.67923 -17.55960  8.707  1.31  1.09
 150 20140908 213925.787 63.89422 -22.23695  7.117  0.64  0.65
 151 20140908 214418.196 65.21455 -16.36185 11.287  0.74  0.89
 152 20140908 215424.420 64.79373 -16.89886  8.186  1.35  1.26
 153 20140908 220045.510 64.66473 -17.39198  1.958  2.03  1.92
 154 20140908 220232.243 64.67973 -17.46578  1.736  2.05  1.88
 155 20140908 220425.290 64.80010 -16.91086  7.941  0.67  0.59
 156 20140908 220444.486 64.79041 -16.89503  8.031  0.98  0.74
 157 20140908 220502.629 64.66802 -17.44207  8.548  2.69  2.54
 158 20140908 222225.681 64.78846 -16.90322  7.146  0.70  0.63
 159 20140908 223322.670 64.79552 -16.89228  8.383  1.12  1.02
 160 20140908 224106.489 64.79440 -16.90097  7.979  0.85  0.72
 161 20140908 224513.944 63.89482 -22.23558  7.429  1.25  1.09
 162 20140908 224746.061 64.79393 -16.88856  8.115  0.78  0.96
 163 20140908 225225.461 64.79485 -16.96155  7.841  1.69  1.62
 164 20140908 225320.591 63.89144 -22.23762  6.871  1.21  1.23
 165 20140908 225418.756 63.89121 -22.22757  8.121  1.04  0.86
 166 20140908 225942.323 65.21879 -16.34547 11.729  1.15  0.92
 167 20140908 230844.756 65.11125 -16.40553  2.706  1.30  1.71
 168 20140909 000336.596 65.21490 -16.35888  9.697  1.02  1.02
 169 20140909 002506.540 65.22064 -16.35017  4.098  0.83  0.87
 170 20140909 002732.521 65.24741 -16.48333  2.990  1.17  1.14
 171 20140909 010309.620 64.67284 -17.45621  6.738  3.79  2.41
 172 20140909 010729.311 64.66640 -17.37425  7.044  5.21  3.91
 173 20140909 014250.727 65.22341 -16.35272 11.618  1.50  1.19
 174 20140909 015756.832 64.78475 -16.91792 10.808  1.26  1.51
 175 20140909 020817.341 65.21450 -16.34768  2.704  1.67  1.75
 176 20140909 020817.973 65.21888 -16.35559  4.189  1.63  1.83
 177 20140909 020906.175 65.22255 -16.34739  3.865  1.37  1.35
 178 20140909 022440.668 63.61059 -19.11604  1.235  1.45  0.92
 179 20140909 023732.375 65.10783 -16.39100  4.966  1.18  1.41
 180 20140909 025950.731 64.80232 -16.91260  7.986  1.19  0.95
 181 20140909 032334.986 63.61604 -19.12376  0.135  2.00  1.35
 182 20140909 032427.673 63.61954 -19.12048  0.135  1.18  0.79
 183 20140909 033647.785 64.79944 -16.91163  9.672  1.92  1.60
 184 20140909 040623.417 63.65707 -19.08175  0.038  2.20  2.28
 185 20140909 040756.451 65.17503 -16.41875  3.187  1.46  1.68
 186 20140909 041537.892 63.89647 -22.23886  6.853  1.28  1.10
 187 20140909 045541.491 65.17034 -16.43514  7.392  1.24  1.39
 188 20140909 051729.267 65.22086 -16.34000  7.983  1.19  1.20
 189 20140909 052154.937 65.22425 -16.34339  3.808  1.33  1.47
 190 20140909 054908.526 64.79349 -16.90274  8.913  1.42  1.18
 191 20140909 055546.689 63.89274 -22.23801  6.895  1.18  1.18
 192 20140909 055930.937 65.11243 -16.38017  5.214  1.62  1.46
 193 20140909 063537.054 64.79948 -16.92449 11.706  1.32  1.06
 194 20140909 064629.952 64.84791 -16.85988  8.208  1.23  0.86
 195 20140909 064939.247 64.83441 -16.87626  8.100  1.04  0.97
 196 20140909 064954.273 65.11282 -16.37688  5.171  2.21  2.08
 197 20140909 070054.750 64.85944 -16.85769  7.578  1.57  1.61
 198 20140909 070948.835 65.10824 -16.38606  7.314  1.28  1.30
 199 20140909 071948.801 64.69658 -17.45128  7.851  1.44  1.15
 200 20140909 090322.574 65.16801 -16.42373  3.376  1.77  1.79
 201 20140909 095835.296 65.21368 -16.36287 13.368  1.35  1.42
 202 20140909 103256.667 64.62194 -17.56221  3.995  2.55  2.59
 203 20140909 104442.652 65.21130 -16.36722 13.347  1.03  1.22
 204 20140909 110807.321 64.70801 -17.85263  4.076  2.59  2.02
 205 20140909 111452.737 64.82061 -16.87624 12.910  0.93  0.68
 206 20140909 111714.055 65.12979 -16.35045  7.955  0.64  0.57
 207 20140909 111931.162 64.83421 -16.87168  6.573  1.02  1.10
 208 20140909 112453.769 64.69559 -17.54015 11.299  1.05  0.98
 209 20140909 113643.831 65.21646 -16.36318 11.704  0.74  0.98
 210 20140909 113739.334 65.21629 -16.35997 10.316  0.67  0.72
 211 20140909 113856.500 64.79860 -16.91468 11.888  1.28  1.09
 212 20140909 114838.582 64.79777 -16.90571 14.376  1.05  0.92
 213 20140909 115315.000 64.68037 -17.47402  8.039  2.04  2.22
 214 20140909 121314.835 63.60686 -19.12251  0.135  1.60  0.98
 215 20140909 122609.130 64.79582 -16.91025 13.793  1.55  1.18
 216 20140909 123420.473 64.67400 -17.46630  7.115  1.79  1.77
 217 20140909 123509.549 65.16629 -17.02745  0.135  1.40  1.10
 218 20140909 124644.865 64.78967 -16.90922 12.699  1.06  1.02
 219 20140909 124941.457 65.10493 -16.39277 10.079  0.48  0.46
 220 20140909 130433.493 65.11890 -16.37101  5.334  0.68  0.57
 221 20140909 131938.893 65.22272 -16.34587  8.289  1.47  1.54
 222 20140909 132026.063 64.86921 -16.84676 10.872  1.68  1.47
 223 20140909 132144.002 65.22256 -16.34479  5.097  1.52  1.64
 224 20140909 132604.761 64.67822 -17.44689  7.067  2.23  2.30
 225 20140909 133500.561 65.21313 -16.36481 13.042  0.79  1.02
 226 20140909 133813.280 65.21596 -16.34861  7.176  1.88  1.86
 227 20140909 134649.937 64.78622 -16.89300 15.684  1.03  0.96
 228 20140909 135749.419 64.85768 -16.86112 11.494  1.19  0.76
 229 20140909 135831.770 64.85461 -16.85257 10.548  0.93  0.89
 230 20140909 140408.069 64.79565 -16.89519 10.847  0.83  0.66
 231 20140909 140919.697 65.11897 -16.36823  2.907  0.55  0.37
 232 20140909 141047.997 65.21821 -16.37579 16.554  0.80  1.17
 233 20140909 141759.450 64.67812 -17.57859  1.798  1.34  1.29
 234 20140909 142129.260 64.78968 -16.90740 12.510  0.76  0.88
 235 20140909 142408.337 65.12968 -16.34452  7.544  0.80  0.80
 236 20140909 143502.396 63.64137 -19.12566  0.035  1.24  0.94
 237 20140909 143539.351 65.05016 -16.56324  0.135  0.79  0.59
 238 20140909 143836.277 63.54914 -19.10856  0.135  0.42  0.31
 239 20140909 144107.459 64.85216 -16.86365 11.475  1.09  0.97
 240 20140909 144630.622 65.22742 -16.36833  4.470  1.20  1.20
 241 20140909 145510.007 64.84961 -16.86203 12.464  1.20  0.99
 242 20140909 145852.254 65.20459 -16.36420 14.026  0.74  0.71
 243 20140909 151007.682 66.38563 -17.10335 18.425  1.92  1.75
 244 20140909 151042.314 64.79211 -16.89023  8.179  0.87  0.77
 245 20140909 152934.963 64.79708 -16.91110  9.177  1.03  0.84
 246 20140909 153543.503 66.38232 -17.09820  4.946  1.84  1.66
 247 20140909 154122.904 64.79594 -16.88993 11.468  0.68  0.56
 248 20140909 154146.360 64.82481 -16.88514 13.537  0.81  0.94
 249 20140909 155200.385 65.16407 -16.35290  6.830  0.84  0.83
 250 20140909 155327.954 64.81352 -16.89533 10.445  0.76  0.75
 251 20140909 155524.264 64.83179 -16.86607 12.280  0.82  0.55
 252 20140909 160006.634 65.13794 -16.31906  8.755  1.12  1.15
 253 20140909 160106.180 64.79592 -16.90593 11.792  1.23  0.93
 254 20140909 160703.595 64.86717 -16.85626 11.996  0.95  0.95
 255 20140909 160807.400 64.79693 -16.90760 12.406  1.38  0.68
 256 20140909 161058.984 64.86797 -16.84373 11.584  1.04  1.00
 257 20140909 162103.356 65.11647 -16.37768  7.126  0.68  0.57
 258 20140909 162412.104 65.23917 -16.34531  5.465  0.75  0.68
 259 20140909 163930.750 64.79030 -16.91277  9.249  1.99  1.65
 260 20140909 164850.615 64.80824 -16.92554 13.807  1.03  0.65
 261 20140909 165446.728 64.66831 -17.53097  7.852  1.42  1.06
 262 20140909 165512.231 64.78762 -16.91239 13.746  1.01  0.87
 263 20140909 170233.028 64.79814 -16.91862 13.026  0.76  0.72
 264 20140909 170840.650 64.79107 -16.91013 13.010  1.08  1.04
 265 20140909 172937.502 65.22294 -16.35037  9.484  0.80  0.88
 266 20140909 174615.029 64.67484 -17.41466  3.603  2.70  1.61
 267 20140909 180515.449 64.81590 -16.91536 14.392  0.85  0.74
 268 20140909 180729.383 64.79951 -16.89924 12.385  0.87  0.73
 269 20140909 180940.717 65.11128 -16.38484  5.792  0.79  0.71
 270 20140909 181204.200 65.03535 -16.58071  2.282  1.00  1.10
 271 20140909 181411.880 64.65105 -17.55114  8.886  1.08  0.79
 272 20140909 181743.743 64.75513 -16.95036 13.637  0.92  0.74
 273 20140909 182232.030 64.60908 -17.49176  0.135  1.49  1.30
 274 20140909 182738.255 65.03697 -16.58896  2.670  0.82  0.86
 275 20140909 182852.963 64.67069 -17.47545  3.818  2.53  2.53
 276 20140909 183143.118 64.79195 -16.91249 12.119  0.94  0.89
 277 20140909 183431.508 64.78573 -16.90945 15.530  0.94  0.86
 278 20140909 183508.834 64.78944 -16.89611 11.919  0.66  0.66
 279 20140909 183654.869 64.78558 -16.91206 14.613  1.33  1.26
 280 20140909 184856.534 65.02538 -16.66572  3.602  1.12  0.83
 281 20140909 185018.359 64.79418 -16.92299 14.998  0.99  0.81
 282 20140909 185534.648 64.79349 -16.90357 12.562  1.02  0.76
 283 20140909 190235.271 64.79630 -16.89116 11.484  1.25  1.04
 284 20140909 191552.262 64.79060 -16.91508  6.834  1.04  0.83
 285 20140909 191829.249 65.72151 -16.79680  2.895  1.21  0.71
 286 20140909 192310.193 65.23054 -16.36128  3.574  1.65  1.47
 287 20140909 192410.316 65.22766 -16.36708  9.176  1.48  1.59
 288 20140909 192647.368 64.79601 -16.89575 11.781  0.68  0.60
 289 20140909 194315.432 65.03138 -16.58861  2.325  1.85  1.86
 290 20140909 194650.213 65.03303 -16.58831  2.029  1.70  1.34
 291 20140909 195103.550 64.83382 -16.86591 12.353  0.81  0.60
 292 20140909 195120.302 64.86817 -16.83873 12.665  0.79  0.68
 293 20140909 195710.657 64.67443 -17.58062  1.907  0.80  0.61
 294 20140909 200800.172 64.69736 -17.58140  6.946  1.41  1.20
 295 20140909 201224.668 64.68143 -17.54680  5.405  1.20  1.15
 296 20140909 202121.803 64.79097 -16.90499  9.293  0.65  0.73
 297 20140909 205112.511 64.78248 -16.89983  6.687  1.64  1.71
 298 20140909 210023.511 65.21985 -16.34622  5.617  0.98  1.14
 299 20140909 210118.563 64.65592 -17.53103  8.135  2.40  2.27
 300 20140909 211158.203 64.79077 -16.90421  7.676  0.70  0.72
 301 20140909 212049.662 64.61969 -17.47665  7.817  1.67  1.58
 302 20140909 212215.838 64.67345 -17.45730  5.720  2.31  2.29
 303 20140909 212644.622 64.79504 -16.89404 11.021  1.01  1.06
 304 20140909 212710.954 64.79339 -16.89210 12.222  0.71  0.57
 305 20140909 212943.169 64.61475 -17.48593  7.782  2.05  1.91
 306 20140909 213051.280 64.78883 -16.90681  8.012  0.98  0.82
 307 20140909 213847.617 64.83298 -16.74460  1.144  0.73  0.46
 308 20140909 213918.903 64.65314 -17.57613  6.462  1.70  1.33
 309 20140909 214115.992 64.64040 -17.55768  6.431  1.69  1.69
 310 20140909 214311.479 64.64399 -17.54187  7.576  2.87  3.02
 311 20140909 214445.569 64.63838 -17.55415  6.908  2.86  3.29
 312 20140909 215010.810 65.22136 -16.33361  7.213  1.39  1.27
 313 20140909 215252.867 65.20387 -16.37330 14.828  0.91  0.90
 314 20140909 215622.706 64.83160 -16.87560 12.128  0.69  0.62
 315 20140909 215922.328 66.23307 -16.63292  5.095  1.11  1.28
 316 20140909 220202.722 64.79292 -16.90398  9.896  0.60  0.70
 317 20140909 221001.709 64.61951 -17.40543  3.326  2.22  2.19
 318 20140909 221603.060 64.79079 -16.90182 12.344  0.64  0.78
 319 20140909 222157.933 64.78584 -16.90957 10.756  1.27  1.31
 320 20140909 223947.165 64.67946 -17.38926  7.958  1.20  1.17
 321 20140909 224040.937 64.78527 -16.90674 10.757  0.83  0.81
 322 20140909 224213.662 64.84641 -16.85967 12.479  0.63  0.67
 323 20140909 224433.383 66.22310 -18.26264 10.014  1.15  1.44
 324 20140909 225506.302 64.81448 -16.89764  9.099  1.09  0.96
 325 20140909 225633.721 64.78426 -16.92531 12.287  0.83  0.85
 326 20140909 225748.785 65.11216 -16.38427  5.698  1.42  1.56
 327 20140909 225813.586 64.69460 -17.84974  3.731  1.21  1.19
 328 20140909 232246.685 64.84933 -16.86212  9.600 -9.99  1.15
 329 20140910 000411.395 64.68373 -17.47149  2.864  1.17  1.09
 330 20140910 000451.947 64.79738 -16.90474 14.615  0.96  0.61
 331 20140910 000534.843 64.79522 -16.89577 11.477  0.85  0.74
 332 20140910 000715.241 64.79329 -16.90776 11.088  0.88  0.60
 333 20140910 001156.777 64.79509 -16.91521 13.620  0.83  0.56
 334 20140910 001714.298 64.79530 -16.89377 11.103  0.82  0.34
 335 20140910 001753.145 64.79121 -16.89997 11.117  0.63  0.56
 336 20140910 001912.588 64.79578 -16.91063 13.969  0.91  1.02
 337 20140910 002604.032 64.66946 -17.46944  6.319  2.18  2.18
 338 20140910 003807.125 64.79388 -16.89911 11.257  0.84  0.63
 339 20140910 003829.270 63.62016 -19.20541  0.671  0.65  0.37
 340 20140910 003958.709 63.63894 -19.21955  3.418  0.35 -0.07
 341 20140910 004829.656 64.79771 -16.92326 16.219  0.98  0.86
 342 20140910 004958.704 65.01891 -16.46137  5.699  0.76  0.72
 343 20140910 005910.822 65.16647 -16.42593  4.662  1.35  1.28
 344 20140910 010044.109 64.80917 -16.93544 15.185  1.22  0.79
 345 20140910 010500.612 64.79763 -16.90890 15.502  0.87  0.62
 346 20140910 010625.928 64.79668 -16.89422 11.326  0.94  0.77
 347 20140910 011035.518 64.80463 -16.88472  9.688  1.19  0.82
 348 20140910 011217.093 65.01927 -16.46201  5.696  0.61  0.66
 349 20140910 011624.566 65.09225 -16.71038  3.342  0.56  0.53
 350 20140910 011652.620 64.67478 -17.47529  4.347  3.15  2.22
 351 20140910 012228.591 64.67760 -17.45175  5.912  1.91  1.75
 352 20140910 012434.988 64.78757 -16.89991 12.069  0.85  0.46
 353 20140910 013435.187 64.78638 -16.90348 15.267  1.04  0.87
 354 20140910 013959.361 64.76525 -17.71856  3.456  1.74  1.49
 355 20140910 014547.113 64.80825 -16.90151  2.534  0.78  0.10
 356 20140910 015629.315 64.66636 -17.53219  6.064  2.01  1.76
 357 20140910 020230.241 64.66036 -17.58097  6.762  1.60  1.21
 358 20140910 020439.873 64.68002 -17.44393  7.850  1.50  1.15
 359 20140910 020753.982 64.78957 -16.91568 14.261  1.01  0.90
 360 20140910 021717.877 64.78929 -16.90940  9.081  2.24  2.10
 361 20140910 022733.386 64.79138 -16.92575 12.057  1.01  1.09
 362 20140910 024202.928 64.73602 -16.72667 11.341  0.81  0.83
 363 20140910 024252.176 66.21695 -18.25913 10.463  1.40  1.73
 364 20140910 025249.342 64.79715 -16.90628  8.181  0.87  0.78
 365 20140910 030254.840 64.79878 -16.89864  8.190  1.20  0.63
 366 20140910 030430.479 65.21773 -16.33777  5.881  0.85  1.04
 367 20140910 032615.966 64.69830 -17.46312  8.547  1.89  1.70
 368 20140910 035023.662 64.67320 -17.46526  6.336  2.06  2.03
 369 20140910 035141.135 65.21449 -16.36397 14.929  0.83  1.12
 370 20140910 035258.396 64.79338 -16.90329  8.836  0.95  0.95
 371 20140910 035934.951 64.84821 -16.88466  3.541  1.07  0.86
 372 20140910 040128.528 64.79499 -16.90781 13.600  0.87  0.77
 373 20140910 040150.694 64.79807 -16.89975 14.858  1.06  0.95
 374 20140910 040415.836 64.79099 -16.92517 10.521  1.10  0.72
 375 20140910 041226.158 64.80605 -16.90589 12.418  1.35  0.60
 376 20140910 052829.595 64.67155 -17.46878  2.600  5.50  3.84
 377 20140910 082317.242 63.86277 -19.78001  9.017  0.65  0.47
 378 20140910 113232.848 63.95675 -20.00233  7.212  1.36  1.23
 379 20140910 114503.466 65.72330 -17.47503  0.828  1.13  1.12
 380 20140910 115655.988 64.67507 -17.53131  7.272  1.62  1.91
 381 20140910 130451.046 64.68179 -17.04348 12.451  1.86  1.84
 382 20140910 133203.669 63.54944 -19.11983  0.042  1.01  0.49
 383 20140910 133404.961 64.81293 -16.88642  7.125  1.39  0.86
 384 20140910 133603.092 65.16553 -16.43595 10.629  0.56  0.91
 385 20140910 135940.774 64.66688 -17.47539  2.564  2.91  2.10
 386 20140910 140625.427 64.85564 -16.85869  8.080  2.02  1.85
 387 20140910 141139.691 64.80300 -16.90916 12.544  1.06  0.83
 388 20140910 141657.965 64.82080 -16.90673  9.135  1.44  1.27
 389 20140910 141915.794 66.04413 -17.37219 10.170  0.89  1.01
 390 20140910 144540.040 64.87596 -16.90506 10.630  0.96  0.54
 391 20140910 145006.554 64.74290 -17.91228  1.382  2.05  1.85
 392 20140910 145101.466 65.10563 -17.19688 14.206  1.58  1.55
 393 20140910 145222.673 65.16404 -17.03250  0.682  1.52  1.68
 394 20140910 145842.643 64.80137 -16.89993  6.646  1.62  1.18
 395 20140910 150148.068 64.62039 -17.40692  9.564  2.15  2.22
 396 20140910 151917.490 64.86386 -16.86091  7.572  1.38  0.88
 397 20140910 152801.577 64.78960 -16.90252  7.835  1.01  0.82
 398 20140910 153121.074 64.87432 -16.83759 12.254  1.05  1.14
 399 20140910 155047.300 63.95649 -19.99748  7.210  0.92  0.81
 400 20140910 155100.758 64.61250 -17.46785  5.360  4.07  2.75
 401 20140910 155114.135 64.61656 -17.45812  4.530  4.75  3.04
 402 20140910 160642.730 64.80611 -16.91294  8.443  1.04  0.89
 403 20140910 161519.770 66.21558 -18.24063  9.574  0.81  0.68
 404 20140910 161657.113 64.80553 -16.91751  9.100  1.15  1.05
 405 20140910 161810.845 63.64690 -19.35504  0.037  1.27  1.59
 406 20140910 162659.489 64.66708 -17.53317  1.052  1.22  1.29
 407 20140910 162947.358 64.78633 -16.90117  6.523  0.80  0.86
 408 20140910 163024.658 64.82816 -16.88929  9.748  0.66  0.88
 409 20140910 163356.764 64.62463 -17.36420  6.599  2.00  2.20
 410 20140910 163538.611 64.84196 -16.84459 11.120  1.08  0.76
 411 20140910 164024.355 64.79190 -16.91622 10.306  1.13  1.25
 412 20140910 170546.695 64.85173 -16.87239 13.201  1.26  1.21
 413 20140910 170619.566 64.81004 -16.89136  7.578  1.14  0.90
 414 20140910 171004.694 64.80321 -16.90629  9.764  2.00  1.62
 415 20140910 171417.927 64.84358 -16.87913  9.948  0.83  0.63
 416 20140910 173245.401 64.85233 -16.87544  7.688  1.39  1.36
 417 20140910 174137.173 64.84786 -16.86784  8.531  1.35  1.27
 418 20140910 174841.847 64.68390 -17.49084  2.980  1.25  1.39
 419 20140910 180119.589 64.69920 -17.70335  3.255  1.67  1.44
 420 20140910 182738.440 64.79701 -16.90756  8.128  1.14  0.99
 421 20140910 183245.806 63.60746 -19.11664  1.752  1.69  1.50
 422 20140910 183820.947 63.54849 -19.11342  0.135  0.43  0.51
 423 20140910 184130.235 63.60712 -19.12240  2.167  0.77  0.14
 424 20140910 184950.250 64.81922 -16.88562  2.178  1.10  0.61
 425 20140910 184955.838 64.80158 -16.93108 11.372  0.73  0.47
 426 20140910 190222.166 64.79588 -16.90026  9.125  0.85  0.62
 427 20140910 190705.547 64.68254 -17.47238  7.287  3.52  2.11
 428 20140910 191333.231 64.61884 -17.46378  2.864  1.77  1.64
 429 20140910 191823.601 64.84058 -16.88071  5.018  1.63  1.05
 430 20140910 192252.685 65.22361 -16.37316 15.058  0.98  0.78
 431 20140910 195953.301 64.71483 -16.96544 14.226  1.30  1.15
 432 20140910 200029.565 64.79653 -16.90549  9.331  0.90  0.72
 433 20140910 201901.674 64.79752 -16.89392  7.013  0.88  0.73
 434 20140910 201959.419 64.83701 -16.88606  6.363  0.98  0.94
 435 20140910 202525.375 64.82134 -16.89300  8.898  1.34  0.93
 436 20140910 202731.988 64.79967 -16.89277  8.349  1.30  0.82
 437 20140910 203220.299 63.61157 -19.13772 10.006  0.60 -0.12
 438 20140910 203236.057 63.60916 -19.13156  2.734  0.67  0.01
 439 20140910 203630.388 64.68559 -17.42198  3.097  2.54  1.49
 440 20140910 203656.240 64.67016 -17.55666  5.832  1.46  1.25
 441 20140910 205040.054 64.79547 -16.90367  8.989  1.01  0.81
 442 20140910 205110.234 64.68510 -17.48662 11.622  1.62  1.39
 443 20140910 205711.466 64.66934 -17.47427  6.102  3.84  2.61
 444 20140910 210223.458 64.79794 -16.90017  8.941  0.99  0.66
 445 20140910 210846.616 64.83316 -16.89849 10.104  1.89  1.23
 446 20140910 212754.538 64.80788 -16.90099  8.179  1.47  1.05
 447 20140910 213349.311 64.81227 -16.90133  8.095  1.11  0.86
 448 20140910 214118.712 64.67072 -17.57570  7.182  3.13  1.26
 449 20140910 214231.024 64.64064 -17.56978  7.331  3.16  1.59
 450 20140910 214255.695 64.63500 -17.54508  4.717  3.50  2.64
 451 20140910 215208.814 65.15256 -16.47187 13.421  0.80  0.94
 452 20140910 220819.410 64.62138 -17.46568  2.980  3.45  2.02
 453 20140910 221428.844 63.54825 -19.11347  0.062  1.78  0.41
 454 20140910 222500.930 64.80204 -16.89222  5.958  0.82  0.80
 455 20140910 222506.720 64.80993 -16.91565  8.735  1.32  1.04
 456 20140910 222842.027 64.66058 -17.53249  6.721  1.61  1.69
 457 20140910 223343.467 64.80210 -16.91344  8.200  0.78  0.78
 458 20140910 223559.824 64.80058 -16.90155  7.546  1.39  1.39
 459 20140910 225434.980 64.80064 -16.87870  0.744  0.51  0.44
 460 20140910 231605.787 64.80180 -16.91035  7.010  1.13  0.79
 461 20140910 232937.212 64.79141 -16.90140  6.639  1.49  0.80
 462 20140910 233031.070 64.79232 -16.91074  8.215  0.72  0.67
 463 20140910 233235.238 64.66685 -17.53978  6.766  1.57  1.35
 464 20140910 233738.128 64.79000 -16.90632  6.414  1.12  0.84
 465 20140910 233829.944 64.78608 -16.90941  7.150  0.76  0.65
 466 20140910 235356.769 64.27483 -17.56132  2.978  1.87  1.18
 467 20140910 235600.878 64.82529 -16.90998  6.872  0.94  0.74
 468 20140910 235711.747 64.79540 -16.90057  8.107  0.95  0.80
 469 20140910 235726.811 64.62097 -17.38918  2.747  1.59  1.32
 470 20140911 000738.303 64.61845 -17.38777  5.850  5.41  3.95
 471 20140911 000952.359 64.62305 -17.51846  1.005  3.41  2.34
 472 20140911 010055.251 65.12359 -16.36098  4.304  0.96  0.91
 473 20140911 014734.885 64.80342 -16.89979  8.453  1.23  0.85
 474 20140911 021100.238 64.28620 -17.58386  4.071  1.61  1.68
 475 20140911 022428.562 64.80804 -16.92593  9.272  1.18  1.03
 476 20140911 025013.744 64.79000 -16.93537 11.965  0.98  0.91
 477 20140911 025842.989 64.79844 -16.92176 10.633  1.23  0.98
 478 20140911 034131.607 63.69977 -23.29396 17.677  1.86  1.88
 479 20140911 042852.570 64.62121 -17.37638  0.135  1.12  0.97
 480 20140911 044417.389 64.79332 -16.90381  7.973  1.05  0.87
 481 20140911 050038.166 64.67242 -17.46321  2.005  4.26  2.94
 482 20140911 050449.290 64.66894 -17.46823  6.658  3.01  2.26
 483 20140911 052645.986 65.22524 -16.34318 11.119  1.44  1.41
 484 20140911 052859.765 65.22668 -16.33811  7.876  1.52  1.55
 485 20140911 053056.016 65.23223 -16.33239  5.580  2.64  2.23
 486 20140911 053213.565 65.22585 -16.33706  8.393  2.02  1.90
 487 20140911 055342.446 65.22737 -16.33940  8.585  1.71  1.72
 488 20140911 062345.127 64.67943 -17.54392  6.639  1.53  1.00
 489 20140911 062501.149 65.22701 -16.33798  7.381  1.09  1.14
 490 20140911 063247.173 64.83178 -16.88585  9.187  0.94  0.83
 491 20140911 063619.643 64.67378 -17.52155  7.303  1.63  1.34
 492 20140911 070748.760 64.80470 -16.89911  9.108  1.32  1.03
 493 20140911 071146.042 64.86456 -16.84930 11.999  1.26  1.29
 494 20140911 071716.374 64.80285 -16.90971  6.845  0.96  0.75
 495 20140911 072230.855 63.61162 -19.12611  0.493  0.88  0.30
 496 20140911 072342.948 65.21835 -16.35594 14.227  0.80  0.84
 497 20140911 080720.669 64.67087 -17.40832  2.005  2.03  2.05
 498 20140911 083717.318 64.80307 -16.91590 12.221  1.10  0.93
 499 20140911 083738.222 64.84206 -16.87743  8.562  1.94  1.45
 500 20140911 091008.911 64.79577 -16.88450  7.208  0.94  0.87
 501 20140911 092037.765 64.73594 -17.91850  2.225  1.27  1.23
 502 20140911 092143.820 64.74291 -17.93097  2.665  2.37  2.56
 503 20140911 094333.943 64.79211 -16.91106  8.921  1.18  1.29
 504 20140911 095025.058 64.74227 -17.92957  1.456  1.68  1.63
 505 20140911 100909.036 64.79211 -16.91241  9.057  1.59  1.60
 506 20140911 101752.995 64.66420 -17.39076  2.740  1.86  1.66
 507 20140911 102457.883 63.95654 -20.00240  6.903  1.22  1.03
 508 20140911 105919.301 64.43481 -17.44217  4.006  1.35  1.18
 509 20140911 111211.396 64.74001 -17.92477  1.273  1.67  1.65
 510 20140911 112139.614 64.26701 -17.61534  3.096  1.55  1.17
 511 20140911 112317.472 65.23005 -16.33019  4.539  1.34  1.35
 512 20140911 113416.119 64.62056 -17.37988  1.685  1.52  1.23
 513 20140911 131230.025 64.67543 -17.48486  7.493  2.01  1.65
 514 20140911 132257.803 63.60967 -19.12383  0.041  0.59 -0.13
 515 20140911 132626.280 64.69115 -17.49871 13.681  1.15  1.27
 516 20140911 134023.575 64.61745 -17.47200  9.933  2.04  2.12
 517 20140911 140956.324 64.82124 -16.87667  2.490  0.49  0.37
 518 20140911 142322.242 64.67812 -17.43993  9.848  4.53  3.50
 519 20140911 150833.961 64.66324 -17.53611  4.510  2.26  1.41
 520 20140911 151658.877 64.73496 -17.92099  3.552  1.79  1.53
 521 20140911 152332.398 65.19937 -16.25602  2.669  2.69  2.59
 522 20140911 152449.889 65.18787 -16.30827 16.705  1.64  1.38
 523 20140911 153719.215 63.79462 -22.80672  7.324  1.78  1.58
 524 20140911 154405.237 65.06607 -16.42617  6.809  0.61  0.49
 525 20140911 154851.977 64.86503 -16.85465 12.004  1.29  1.28
 526 20140911 155201.799 64.78850 -16.92882 11.547  1.22  0.95
 527 20140911 155406.528 64.72845 -17.92367  3.753  1.70  1.53
 528 20140911 155426.604 65.03999 -16.51700  5.523  1.79  1.21
 529 20140911 160200.231 64.78085 -16.89866 14.128  0.78  0.22
 530 20140911 160816.111 64.66587 -17.46263  5.294  3.55  2.28
 531 20140911 161306.572 63.61814 -19.11034  0.050  1.88  0.89
 532 20140911 161423.581 63.61066 -19.11848  0.064  1.35  0.40
 533 20140911 162009.004 64.62285 -17.38021 10.324  3.05  1.78
 534 20140911 162603.848 65.19814 -16.24836  2.539  0.80  0.68
 535 20140911 162802.007 65.03489 -16.52081  5.144  1.71  1.70
 536 20140911 163847.266 64.65717 -17.53720  2.313  1.49  1.49
 537 20140911 164034.838 65.00340 -16.53516 14.408  0.57  0.57
 538 20140911 164454.435 65.20165 -16.24617  2.832  1.33  1.40
 539 20140911 164618.639 64.67024 -17.41554  7.894  3.10  2.23
 540 20140911 165011.837 64.66718 -17.41423  4.398  3.09  1.70
 541 20140911 165806.545 65.06659 -16.44601  6.888  0.94  1.15
 542 20140911 170155.301 64.79805 -16.89108  7.057  0.85  0.43
 543 20140911 170352.014 64.73232 -17.91815  2.707  1.83  1.60
 544 20140911 170419.036 64.72584 -17.90663  0.822  1.91  1.64
 545 20140911 171021.420 64.72792 -17.91782  2.975  1.68  1.67
 546 20140911 173005.478 64.66581 -17.54712  7.470  1.35  0.92
 547 20140911 173649.979 64.79784 -16.90131  1.162  1.04  0.41
 548 20140911 173815.924 64.80170 -16.90585 13.893  1.10  0.92
 549 20140911 174220.277 64.81766 -16.91422 11.104  1.27  1.12
 550 20140911 175839.474 64.66794 -17.67647  9.200  1.20  1.11
 551 20140911 175910.874 64.66309 -17.53685  3.226  1.19  0.80
 552 20140911 175947.712 64.74802 -17.92735  3.555  1.33  1.12
 553 20140911 180430.475 64.66667 -17.39957  2.594  1.82  1.90
 554 20140911 180625.278 64.73631 -17.92998  3.336  1.43  1.33
 555 20140911 181007.120 64.66355 -17.38986  7.462  3.56  2.67
 556 20140911 181638.809 64.80448 -16.90201  7.598  0.99  0.50
 557 20140911 181731.596 64.79308 -16.91233  9.124  0.96  1.01
 558 20140911 182254.456 64.79865 -16.89917  5.892  0.77  0.71
 559 20140911 182420.853 65.19904 -16.37152 14.014  0.99  1.28
 560 20140911 182710.972 63.55026 -19.11424  0.135  1.05  0.09
 561 20140911 183018.435 64.73718 -17.92874  1.646  2.23  1.86
 562 20140911 183641.239 64.73585 -17.92791  3.231  2.05  1.54
 563 20140911 184104.495 64.67388 -17.57260  7.053  1.86  1.08
 564 20140911 184302.954 64.80279 -16.91762 13.197  1.07  0.54
 565 20140911 185937.098 64.80381 -16.90907 11.264  1.49  1.35
 566 20140911 191846.733 64.80724 -16.91711  8.374  1.06  0.64
 567 20140911 192302.146 64.75778 -16.95446 14.856  1.72  1.16
 568 20140911 192732.563 64.67492 -17.43544  8.891  1.90  1.94
 569 20140911 195353.989 64.65623 -17.55411  6.463  1.35  1.27
 570 20140911 195613.154 64.80284 -16.90551 12.187  1.31  0.96
 571 20140911 195712.385 64.67860 -17.44172  4.180  5.19  3.92
 572 20140911 200616.915 64.75609 -17.93184  4.223  2.79  2.00
 573 20140911 201822.523 64.79578 -16.89115  6.798  0.98  0.77
 574 20140911 202601.949 65.10937 -16.42142  7.952  0.66  0.60
 575 20140911 203744.020 65.13565 -16.30175  5.235  0.61  0.93
 576 20140911 203905.535 64.73887 -17.92997  2.703  1.92  1.73
 577 20140911 204114.597 64.79874 -16.89648  7.693  1.03  0.68
 578 20140911 204344.901 64.84164 -16.86294  7.278  0.73  0.68
 579 20140911 205513.526 64.74157 -17.92279  1.573  2.01  2.04
 580 20140911 210718.309 65.02852 -16.53248  6.062  0.74  0.48
 581 20140911 211135.079 64.79144 -16.91449  9.530  1.41  1.60
 582 20140911 211332.368 64.79916 -16.88784  7.692  0.85  0.62
 583 20140911 211455.418 64.80079 -16.90647 11.151  0.90  0.90
 584 20140911 213352.258 64.83532 -16.87918  6.412  0.94  0.79
 585 20140911 214928.299 64.79617 -16.88684  0.135  1.28  0.74
 586 20140911 215111.943 64.80077 -16.89867  8.090  0.95  0.94
 587 20140911 220541.680 64.79063 -16.90111  7.756  0.65  0.53
 588 20140911 220953.884 64.80220 -16.90182  4.434  1.01  0.72
 589 20140911 221139.340 65.22916 -16.32981  2.386  0.66  0.65
 590 20140911 222556.694 63.82445 -22.68801  6.799  1.53  1.29
 591 20140911 223904.656 64.86701 -16.85963  7.604  1.06  0.94
 592 20140911 224158.163 64.81004 -16.89947  6.683  0.40  0.35
 593 20140911 224508.095 64.68045 -17.54827  6.719  1.47  1.21
 594 20140911 224558.115 63.64469 -19.10472  1.013  0.25  0.45
 595 20140911 224810.878 64.79755 -16.89402  7.642  0.55  0.35
 596 20140911 225613.712 64.68279 -17.48849  2.747  0.82  0.96
 597 20140911 230145.729 64.81250 -16.90339  7.090  0.85  0.75
 598 20140911 230342.715 64.82499 -16.88093  6.732  0.74  0.59
 599 20140911 230831.848 64.79144 -16.91707 11.486  1.13  1.38
 600 20140911 231047.448 64.66371 -17.37996  4.403  1.30  1.13
 601 20140911 231127.223 64.78391 -16.93348  8.050  0.89  0.64
 602 20140911 231150.762 64.80920 -16.90760  9.617  0.77  0.66
 603 20140911 231250.205 64.80466 -16.91437  6.593  0.99  0.69
 604 20140911 231855.557 64.79679 -16.89206  7.719  0.64  0.36
 605 20140911 232906.568 64.65781 -17.58443  7.949  1.49  1.30
 606 20140911 233316.104 64.66867 -17.48443  2.480  3.09  1.54
 607 20140911 234810.029 64.81013 -16.90899  9.393  1.70  1.05
 608 20140911 235210.351 64.79560 -16.91763  9.700  1.35  1.18
 609 20140912 001330.984 65.18078 -16.27562  7.751  1.66  1.18
 610 20140912 002139.587 64.86562 -16.85719  7.107  1.56  1.41
 611 20140912 002624.548 63.83200 -22.68567  5.672  1.48  1.32
 612 20140912 004205.642 64.48801 -17.54520  8.698  1.45  1.21
 613 20140912 005134.583 64.67458 -17.63763  6.349  1.67  1.53
 614 20140912 005618.069 65.04265 -16.52738  5.591  1.61  1.63
 615 20140912 010606.644 64.66780 -17.55193  6.159  1.67  1.55
 616 20140912 010911.458 63.53945 -19.11821  0.135  0.62  0.45
 617 20140912 011608.358 64.84116 -16.88129  7.800  1.16  1.12
 618 20140912 012709.278 64.79282 -16.91267  8.874  1.17  1.07
 619 20140912 014739.489 64.67371 -17.46082  2.349  2.21  2.22
 620 20140912 014837.632 64.67442 -17.46262  6.206  2.38  2.09
 621 20140912 014855.643 64.79465 -16.88557 11.510  1.77  1.81
 622 20140912 022203.226 65.03538 -16.52512  5.821  0.86  0.81
 623 20140912 022631.318 64.64889 -17.75087  5.191  0.85  0.80
 624 20140912 025641.728 65.11815 -16.37924  5.668  0.88  0.91
 625 20140912 032348.154 64.84734 -16.85659 11.828  0.53  0.52
 626 20140912 032702.538 64.78928 -16.89307  8.693  1.13  0.50
 627 20140912 035746.462 64.68489 -17.38208  8.029  1.65  1.50
 628 20140912 040712.069 64.67409 -17.48389  6.983  2.12  2.46
 629 20140912 044929.478 64.78465 -16.91509  9.600  1.17  1.03
 630 20140912 045449.872 64.79420 -16.88935  8.549  0.63  0.55
 631 20140912 051747.482 64.78577 -16.90153  8.606  2.05  1.97
 632 20140912 052940.538 64.78729 -16.90087  7.566  1.06  0.87
 633 20140912 053031.280 64.68454 -17.02353 11.503  2.22  2.17
 634 20140912 055256.624 64.73025 -17.92884  2.687  1.65  1.57
 635 20140912 055346.338 64.78777 -16.89430  6.872  0.89  0.78
 636 20140912 060126.444 64.73389 -17.93723  2.678  1.20  1.19
 637 20140912 060220.390 64.83862 -16.87216  7.913  1.56  1.13
 638 20140912 062247.169 64.78876 -16.90492  8.163  0.85  0.60
 639 20140912 062401.815 64.78578 -16.90062  5.946  1.15  1.11
 640 20140912 064441.132 64.67683 -17.48923  7.353  1.61  1.55
 641 20140912 065418.464 64.73087 -17.94498  1.293  1.41  1.21
 642 20140912 070143.568 63.54275 -19.10580  0.135  0.92  0.54
 643 20140912 070310.722 64.73090 -17.92459  1.884  1.69  1.88
 644 20140912 071505.788 64.78784 -16.89944  6.474  0.89  0.82
 645 20140912 072037.389 64.79176 -16.88767  8.608  0.78  0.55
 646 20140912 073236.260 64.66058 -17.56602  1.820  1.29  1.18
 647 20140912 073610.585 64.78409 -16.90620  9.629  1.24  1.01
 648 20140912 091108.190 64.67539 -17.45535  3.415  1.88  1.66
 649 20140912 091832.123 64.79221 -16.90590  8.251  1.28  1.05
 650 20140912 092224.351 64.85338 -16.84955 10.169  1.70  1.77
 651 20140912 093256.436 64.67675 -17.47590  3.538  4.67  3.30
 652 20140912 100621.149 64.70612 -17.85124  3.395  1.80  1.46
 653 20140912 101650.167 64.86192 -16.85670  7.068  0.97  1.03
 654 20140912 103214.055 65.14429 -16.41967 14.422  1.29  1.22
 655 20140912 103636.880 64.79496 -16.90978  9.328  1.30  1.37
 656 20140912 104129.369 64.70271 -17.84655  3.872  1.74  1.56
 657 20140912 105815.257 64.81089 -16.90514  7.860  1.19  1.03
 658 20140912 110202.775 64.79770 -16.88752  7.938  0.98  0.93
 659 20140912 123926.560 64.79373 -16.89864  7.310  1.64  1.18
 660 20140912 124436.453 64.66214 -17.36686  0.135  1.74  1.74
 661 20140912 131712.565 64.31976 -17.52668  6.653  0.99  0.98
 662 20140912 144419.316 64.66210 -17.44603  3.923  2.91  1.95
 663 20140912 145333.661 64.68780 -17.46974  8.292  2.35  1.24
 664 20140912 151550.447 64.61660 -17.46416  4.622  1.89  2.12
 665 20140912 151704.660 64.62471 -17.47437  2.980  1.62  1.51
 666 20140912 153510.186 64.81122 -16.90884  8.156  1.39  1.15
 667 20140912 153705.515 64.80386 -16.92547 11.977  1.43  1.27
 668 20140912 155956.166 64.64625 -17.54756  0.921  1.62  1.31
 669 20140912 160045.241 64.79621 -16.93207 11.092  1.25  1.31
 670 20140912 160232.206 64.01489 -16.51514  4.973  1.60  1.68
 671 20140912 160907.433 64.83622 -16.89351  7.983  0.73  0.75
 672 20140912 162436.517 64.79884 -16.91530 15.480  1.15  1.05
 673 20140912 162526.621 64.79526 -16.90481 12.564  0.97  0.94
 674 20140912 162720.965 64.73302 -17.52710  7.464  1.56  1.27
 675 20140912 163434.251 64.67945 -17.49927  2.980  0.80  1.16
 676 20140912 163500.485 63.91417 -21.92733  6.292  0.87  0.77
 677 20140912 170032.273 63.81247 -22.79954  6.103  1.48  1.19
 678 20140912 171420.954 64.80238 -16.91901  7.515  0.66  0.40
 679 20140912 172238.386 65.12822 -16.33844  8.784  0.81  0.96
 680 20140912 172357.211 64.78718 -16.92831 12.331  0.86  0.79
 681 20140912 173953.138 64.79093 -16.91996 15.148  1.31  0.82
 682 20140912 174648.345 64.72822 -16.92078 12.064  0.77  0.50
 683 20140912 174941.145 64.79651 -16.91863  9.833  1.17  0.74
 684 20140912 180301.854 65.20701 -16.33410  5.099  1.13  0.86
 685 20140912 180339.493 64.82880 -16.88592 14.222  0.94  0.59
 686 20140912 180643.150 64.80045 -16.89939  9.348  0.93  0.70
 687 20140912 180759.512 65.21652 -16.34774 10.005  0.61  0.51
 688 20140912 181151.914 64.65577 -17.58476  2.864  1.21  1.17
 689 20140912 182132.432 64.79606 -16.83326 10.223  0.71  0.46
 690 20140912 184036.787 64.78537 -16.88427 12.667  0.89  0.51
 691 20140912 184636.308 65.12701 -16.33093 12.894  0.81  0.65
 692 20140912 185824.452 65.04644 -16.60354  5.729  0.99  0.24
 693 20140912 185841.840 64.79424 -16.86329 12.203  1.12  0.85
 694 20140912 190837.473 64.85645 -16.86041  9.687  0.76  0.66
 695 20140912 191225.305 65.04469 -16.57332  3.722  0.65  0.69
 696 20140912 191851.240 64.79727 -16.94641 11.430  1.12  0.95
 697 20140912 193157.426 64.81850 -16.91060 11.105  0.94  0.80
 698 20140912 195005.969 64.68760 -17.46671  8.254  3.23  1.92
 699 20140912 195241.843 64.61442 -17.44315  3.965  3.68  2.44
 700 20140912 200336.566 64.62495 -17.52056  4.430  2.38  1.51
 701 20140912 201841.030 63.91936 -22.08129  4.907  0.36  0.14
 702 20140912 202100.876 64.80021 -16.89864  6.956  0.63  0.55
 703 20140912 202421.454 64.80529 -16.90472  8.462  1.07  1.03
 704 20140912 202542.723 64.80044 -16.89254 12.605  0.79  0.53
 705 20140912 203738.545 64.80462 -16.88998  4.240  0.89  0.85
 706 20140912 203803.847 64.79610 -16.92067 11.755  1.67  1.64
 707 20140912 205115.938 63.65689 -19.06660  1.215  0.63  0.46
 708 20140912 205120.917 64.65769 -17.56958  6.726  2.19  1.34
 709 20140912 211825.662 64.66132 -17.55896  7.705  1.98  1.54
 710 20140912 211953.745 64.79720 -16.92190  7.773  0.98  0.96
 711 20140912 212652.357 65.14562 -16.08591  1.302  0.73  0.70
 712 20140912 213833.638 64.79102 -16.92402 10.442  1.45  0.94
 713 20140912 214151.756 63.54873 -19.11329  0.135  0.54 -0.07
 714 20140912 214915.464 63.54439 -19.09945  0.135  0.28  0.39
 715 20140912 215444.390 65.14066 -16.31821  7.662  0.52  0.72
 716 20140912 215949.718 65.14280 -16.31976  6.080  0.86  1.12
 717 20140912 220914.471 64.79395 -16.90479  9.640  1.09  1.00
 718 20140912 221212.509 65.14440 -16.31983  5.692  0.51  0.97
 719 20140912 221424.229 64.78461 -16.92643 11.042  1.10  0.82
 720 20140912 222845.824 64.78671 -16.91438 10.291  2.35  2.27
 721 20140912 225420.676 65.13957 -16.31026  8.187  1.03  1.28
 722 20140912 225833.193 64.66447 -17.53733 10.358  3.33  1.22
 723 20140912 230019.714 64.68230 -17.45446  7.894  3.28  1.92
 724 20140912 230049.572 64.68617 -17.43763  4.734  3.30  1.84
 725 20140912 230112.391 64.67626 -17.41036  4.734  3.25  2.01
 726 20140912 230225.754 65.04900 -16.57961  4.318  0.68  0.41
 727 20140912 230559.667 64.67596 -17.41551  9.464  3.36  2.22
 728 20140912 231345.063 65.15876 -16.09768  1.729  1.44  0.89
 729 20140912 231404.318 65.04373 -16.55634  7.030  1.24  0.91
 730 20140912 232856.401 64.81850 -16.90897  8.181  2.17  1.95
 731 20140912 232935.021 64.65546 -17.53332  8.577  3.42  2.17
 732 20140912 233815.678 64.68230 -17.48167  5.096  1.97  1.08
 733 20140912 235213.577 64.67147 -17.46091  7.642  3.13  2.26
 734 20140912 235855.553 64.67226 -17.47742  8.433  3.88  3.26
 735 20140913 001120.243 64.66226 -17.60390  8.065  1.59  1.45
 736 20140913 005028.315 64.80949 -16.89960  9.167  1.44  1.09
 737 20140913 023937.387 64.79549 -16.91291  9.390  1.30  1.08
 738 20140913 031110.490 64.80904 -16.90223  7.288  1.34  1.16
 739 20140913 032228.912 65.14912 -16.34385  5.946  1.41  1.36
 740 20140913 032258.489 64.80627 -16.90969  8.499  1.12  0.89
 741 20140913 034515.127 64.78699 -16.91150 11.844  2.07  2.07
 742 20140913 040911.202 65.12899 -16.34952  6.078  0.80  0.74
 743 20140913 041257.281 64.68157 -17.41638  7.333  2.55  1.49
 744 20140913 054515.497 64.67078 -17.41567  8.670  2.24  2.38
 745 20140913 061011.592 64.71382 -16.95665 10.577  0.94  1.05
 746 20140913 061355.373 64.65718 -17.55926  6.341  0.98  0.96
 747 20140913 061514.417 64.70586 -17.65187  2.975  1.47  1.42
 748 20140913 061620.974 64.79728 -16.88934  8.218  1.11  1.04
 749 20140913 062055.704 64.67071 -17.38437  7.376  1.87  1.76
 750 20140913 062928.263 64.62277 -17.57114  6.106  1.95  2.03
 751 20140913 063724.955 64.74825 -16.93979  8.790  1.08  1.11
 752 20140913 064652.819 64.73061 -16.95394  7.609  0.80  0.78
 753 20140913 072147.675 64.66325 -17.50959  7.260  1.19  1.02
 754 20140913 075815.628 64.66566 -17.44730  3.029  4.89  3.79
 755 20140913 080051.602 64.66467 -17.52620  5.881  1.91  1.63
 756 20140913 080443.704 65.15922 -16.08967  1.787  1.09  0.90
 757 20140913 082615.373 63.89341 -22.10040  4.335  2.38  1.74
 758 20140913 084328.120 64.79601 -16.88897 11.015  0.87  0.80
 759 20140913 084351.069 64.75701 -16.93678 11.359  0.82  0.79
 760 20140913 085707.389 64.76981 -16.96756 10.940  1.06  0.82
 761 20140913 090512.672 64.82303 -16.88214 11.313  1.12  0.79
 762 20140913 091855.268 64.78687 -16.90434 11.817  0.77  0.90
 763 20140913 094727.935 65.11696 -16.37766  5.120  0.64  0.66
 764 20140913 095650.356 64.67026 -17.54800  6.809  1.23  1.01
 765 20140913 105541.240 64.83331 -16.87103  9.147  1.20  1.14
 766 20140913 110352.484 64.79346 -16.88947  8.062  0.98  0.79
 767 20140913 111004.906 64.74017 -17.90449  2.061  1.46  1.38
 768 20140913 123045.154 64.78099 -16.90935  8.492  0.81  0.88
 769 20140913 124227.389 64.78692 -16.92117  8.672  0.79  0.66
 770 20140913 125226.581 64.78735 -16.90770 12.751  2.30  2.43
 771 20140913 125502.072 65.21043 -16.35918  3.604  1.48  1.51
 772 20140913 130311.487 64.78838 -16.90972 14.308  1.05  0.95
 773 20140913 130504.615 64.79255 -16.89806  6.066  0.65  0.65
 774 20140913 130537.479 65.14951 -16.33500  3.458  0.64  0.81
 775 20140913 130625.650 64.80547 -16.90473 11.370  0.77  0.66
 776 20140913 130857.678 65.15641 -16.44650  5.677  1.00  1.25
 777 20140913 132109.080 66.28140 -18.56512  9.986  2.40  2.45
 778 20140913 132204.595 64.65306 -17.53352 10.234  1.66  1.13
 779 20140913 132457.046 64.83620 -16.87202 10.920  1.01  1.08
 780 20140913 133340.296 64.78659 -16.89709 11.569  0.65  0.65
 781 20140913 133548.226 66.27937 -18.55991  8.710  1.37  1.41
 782 20140913 133642.219 64.83640 -16.84705 12.227  0.47  0.44
 783 20140913 134247.510 65.19490 -16.25444  3.431  1.16  1.27
 784 20140913 134614.781 64.81119 -16.91872 15.544  1.18  0.82
 785 20140913 135022.641 64.78786 -16.89945  6.652  0.62  0.62
 786 20140913 135844.818 64.05539 -21.26027  4.488  0.88  0.56
 787 20140913 140209.033 64.87669 -16.83291 12.871  0.76  0.80
 788 20140913 140516.881 64.64983 -17.55083  2.948  0.91  0.55
 789 20140913 141351.830 64.84521 -16.85945 10.238  1.60  1.03
 790 20140913 141628.735 65.04641 -16.36856  7.057  0.85  0.61
 791 20140913 141739.326 64.85394 -16.84832 12.612  1.31  0.94
 792 20140913 143856.446 63.60197 -19.16313  0.135  0.20  0.14
 793 20140913 145533.362 64.67678 -17.54560  6.615  1.45  1.06
 794 20140913 150023.428 64.83051 -16.81836 12.265  0.77  0.57
 795 20140913 151656.519 64.81640 -16.91395 14.190  0.99  0.65
 796 20140913 152058.634 64.78795 -16.89973 11.946  0.91  0.65
 797 20140913 152630.663 64.66004 -17.52539  8.109  3.39  2.39
 798 20140913 152819.552 64.65725 -17.53484  7.366  2.17  1.89
 799 20140913 153606.560 64.62051 -17.38100  5.325  3.52  2.04
 800 20140913 153958.619 64.79044 -16.89635 11.608  1.24  1.04
 801 20140913 154239.785 64.67068 -17.54172  6.408  2.06  1.44
 802 20140913 154851.855 64.67812 -17.38697  7.370  1.68  1.42
 803 20140913 155442.385 64.78628 -16.91087 11.943  1.16  1.26
 804 20140913 160958.626 64.86893 -16.85789 12.921  1.15  0.90
 805 20140913 161119.714 65.14655 -16.27601  9.448  0.50  0.71
 806 20140913 163025.891 65.06744 -16.51234  4.563  0.99  1.01
 807 20140913 163304.466 65.14675 -16.34271  4.708  0.63  1.07
 808 20140913 164346.754 64.79927 -16.89641 13.188  1.01  0.72
 809 20140913 164959.907 64.78999 -16.89384  1.077  0.64  0.57
 810 20140913 171255.043 65.15075 -16.28020  5.492  1.11  1.21
 811 20140913 171813.364 64.66883 -17.63033  6.801  1.15  1.19
 812 20140913 173248.091 64.81480 -16.88943  3.348  0.59  0.29
 813 20140913 174044.719 64.66644 -17.53205  6.184  1.31  1.11
 814 20140913 175210.878 65.16213 -16.34077  7.490  0.76  1.01
 815 20140913 180247.682 63.71516 -23.16228 10.933  2.02  1.58
 816 20140913 181218.604 63.71906 -23.15722  9.814  1.35  1.41
 817 20140913 181733.516 64.62300 -17.37716 12.205  1.74  1.59
 818 20140913 181853.777 64.79519 -16.89063 11.693  0.86  0.65
 819 20140913 182742.079 65.14404 -16.33615  5.885  0.85  1.01
 820 20140913 183052.727 65.16660 -16.33806  4.756  0.56  0.65
 821 20140913 183740.923 63.71412 -23.14609 11.811  1.79  1.72
 822 20140913 183942.261 64.79086 -16.91232 11.840  0.77  0.65
 823 20140913 184142.123 64.81353 -16.91052 13.937  1.14  0.91
 824 20140913 184223.865 64.66958 -17.52927  6.942  1.56  0.98
 825 20140913 185103.246 64.65079 -17.56676  2.953  0.95  0.39
 826 20140913 185127.218 64.78889 -16.83780  0.584  0.82  0.80
 827 20140913 190119.332 65.14316 -16.34034  9.274  0.63  0.98
 828 20140913 190617.399 64.78963 -16.89848 11.359  0.69  0.66
 829 20140913 191053.554 64.79642 -16.91719 13.804  0.82  0.77
 830 20140913 191309.500 65.17329 -16.33570  6.776  0.55  0.65
 831 20140913 193125.852 64.79382 -16.92513 15.094  0.96  0.80
 832 20140913 193829.137 64.80031 -16.89746 14.904  0.94  0.81
 833 20140913 195024.581 64.79529 -16.91371 14.260  1.01  0.83
 834 20140913 195321.462 64.79440 -16.91781 14.515  0.92  0.66
 835 20140913 195526.068 64.84935 -16.86148 10.574  0.74  0.67
 836 20140913 200434.923 64.78757 -16.90385 11.376  0.50  0.59
 837 20140913 200922.030 64.64526 -17.59944  7.876  1.32  1.16
 838 20140913 202515.198 64.68587 -17.49673 10.229  1.63  1.96
 839 20140913 202543.632 64.68375 -17.51231  8.593  1.99  2.07
 840 20140913 202721.887 64.80253 -16.90556 14.283  0.87  0.67
 841 20140913 203059.142 64.82011 -16.88537 13.643  0.75  0.78
 842 20140913 203521.424 63.82678 -22.72103  4.959  1.19  1.06
 843 20140913 203545.738 65.07901 -16.52463  2.835  0.93  0.87
 844 20140913 204127.556 63.80710 -22.78636  6.815  1.55  1.11
 845 20140913 204344.830 64.70575 -16.97481 11.070  0.81  0.89
 846 20140913 205548.960 65.14224 -16.34318  8.230  1.39  1.55
 847 20140913 205612.530 65.14684 -16.33993  6.695  1.28  1.18
 848 20140913 205804.377 64.76725 -16.85999 12.863  0.87  0.74
 849 20140913 210612.752 64.80573 -16.90337 14.859  0.82  0.64
 850 20140913 211613.070 64.85878 -16.87180 12.014  0.74  0.77
 851 20140913 212043.293 64.82311 -16.88847 13.551  0.81  0.66
 852 20140913 212453.031 64.79293 -16.91358 15.327  0.82  0.74
 853 20140913 212728.387 64.67710 -17.54336  4.967  1.93  1.33
 854 20140913 213939.592 64.67283 -17.41192  7.297  1.91  1.85
 855 20140913 214249.529 65.16841 -16.34153  6.932  0.84  1.01
 856 20140913 215500.938 64.78469 -16.91400 14.503  1.08  0.89
 857 20140913 215839.214 64.79675 -16.89768 14.708  1.00  0.79
 858 20140913 220936.984 65.16843 -16.34025  7.718  0.83  0.85
 859 20140913 221515.812 64.79451 -16.90962 14.879  0.80  0.72
 860 20140913 221817.362 64.79955 -16.91757 15.896  0.98  0.79
 861 20140913 222142.070 64.84989 -16.86919  9.375  1.14  0.48
 862 20140913 223933.995 64.80190 -16.90500 14.680  0.95  0.61
 863 20140913 224038.728 64.79848 -16.91683 11.173  0.56  0.61
 864 20140913 224308.206 65.17110 -16.32821  6.438  0.92  0.67
 865 20140913 225159.989 64.79872 -16.89993 13.531  1.24  1.01
 866 20140913 225630.199 64.79397 -16.89551 12.170  0.83  0.73
 867 20140913 225931.852 64.79496 -16.89534 11.644  0.67  0.35
 868 20140913 230125.210 64.79332 -16.93198  0.801  0.29  0.52
 869 20140913 231310.345 64.84743 -16.86913  6.425  0.64  0.42
 870 20140913 231828.262 64.79038 -16.91173 10.932  0.80  0.57
 871 20140913 231953.232 64.67834 -17.46901  6.444  1.47  1.89
 872 20140913 232553.301 64.79898 -16.89975 14.542  0.85  0.52
 873 20140913 233729.242 64.79357 -16.91235  9.697  0.82  0.56
 874 20140913 233837.945 64.83332 -16.86996 12.562  1.05  0.48
 875 20140913 234025.585 63.58399 -19.12972 17.720  0.62 -0.02
 876 20140913 234332.610 65.17981 -16.27496  2.708  1.22  1.10
 877 20140913 234714.437 64.87815 -16.84299  8.726  0.73  0.69
 878 20140914 000458.423 65.13885 -16.32179  7.585  0.80  1.03
 879 20140914 002555.157 64.70383 -17.40642  7.262  1.95  1.33
 880 20140914 002720.159 66.30544 -16.83324  6.955  0.64  0.87
 881 20140914 002816.948 65.12927 -16.32020 10.815  0.61  0.92
 882 20140914 004641.899 65.14528 -16.30213  2.658  1.90  1.51
 883 20140914 010334.344 65.12904 -16.32595 10.505  1.00  0.90
 884 20140914 010437.501 64.81050 -16.84932 11.239  0.84  0.75
 885 20140914 012413.466 64.77391 -16.90517 15.989  0.87  0.76
 886 20140914 012717.911 64.79098 -16.90025 11.586  0.68  0.69
 887 20140914 014739.345 64.62648 -17.37464  2.736  3.42  2.25
 888 20140914 020047.981 64.75822 -16.93875 13.581  1.92  1.50
 889 20140914 022326.864 64.78731 -16.90474 11.414  0.69  0.70
 890 20140914 023652.950 64.68573 -17.47097  8.147  1.54  1.61
 891 20140914 024121.140 64.66119 -17.54752  7.087  1.58  1.70
 892 20140914 024724.524 64.80613 -16.87526 11.336  1.04  0.83
 893 20140914 030255.640 64.71620 -16.97771 14.463  1.25  1.04
 894 20140914 030903.889 64.81341 -16.77112  0.044  0.82  0.83
 895 20140914 032259.069 64.80089 -16.88145 13.147  0.99  0.91
 896 20140914 032919.813 64.61562 -17.46835  3.485  1.72  1.49
 897 20140914 041025.128 64.62289 -17.57239  6.717  3.40  2.16
 898 20140914 041220.834 64.68276 -17.43942  8.646  3.14  1.27
 899 20140914 051041.077 64.67099 -17.31318  0.716  2.62  1.73
 900 20140914 051605.090 64.86086 -16.86048  7.585  1.02  1.02
 901 20140914 052835.942 65.05415 -16.20868  0.926  1.52  1.81
 902 20140914 053939.887 66.23258 -18.34808 10.744  2.46  2.22
 903 20140914 061855.539 64.63515 -17.55569  3.373  1.98  1.55
 904 20140914 063054.100 64.68431 -17.40866  6.933  1.88  1.50
 905 20140914 065401.804 64.61320 -17.47628  0.502  3.99  3.14
 906 20140914 070300.628 64.65588 -17.53457  8.097  1.74  1.62
 907 20140914 071057.594 64.64568 -17.60413  7.429  2.08  1.78
 908 20140914 084204.564 65.05492 -16.41569 17.222  1.40  1.37
 909 20140914 090817.816 64.81858 -16.88823  4.531  1.27  1.09
 910 20140914 090840.114 64.66521 -17.32769  0.193  2.32  2.36
 911 20140914 092220.227 64.67662 -17.38623  7.097  1.82  1.84
 912 20140914 092302.107 64.66857 -17.38407  7.891  2.21  2.30
 913 20140914 093753.528 64.81521 -16.93942 14.043  1.04  1.04
 914 20140914 102430.610 64.18201 -16.68729  5.839  1.70  1.67
 915 20140914 112329.697 63.64279 -19.32734  0.044  2.07  2.37
 916 20140914 112350.580 64.65517 -17.46235  7.791  1.59  1.67
 917 20140914 112432.808 64.67884 -17.45618  2.788  3.80  2.79
 918 20140914 140642.610 64.66560 -17.42084  3.005  5.34  3.82
 919 20140914 141359.366 66.23398 -18.34310 10.054  1.11  1.24
 920 20140914 142056.666 64.79058 -16.92495 12.174  2.27  1.88
 921 20140914 142504.602 64.85627 -16.83113 12.565  0.91  0.81
 922 20140914 144320.042 64.82873 -16.89647  8.861  0.81  0.74
 923 20140914 145404.522 64.80293 -16.90169  7.439  1.02  1.11
 924 20140914 150027.790 64.79110 -16.90985  7.680  0.75  0.59
 925 20140914 150327.368 64.79983 -16.92570 12.257  0.96  0.75
 926 20140914 151211.265 64.77571 -16.93749 10.411  1.14  0.86
 927 20140914 151443.652 65.13321 -16.34042  6.478  0.74  0.91
 928 20140914 151925.870 64.85315 -16.85965 10.230  2.01  1.90
 929 20140914 153040.982 64.79543 -16.89905  2.164  0.87  0.78
 930 20140914 155113.829 64.78642 -16.90004  7.024  1.05  0.93
 931 20140914 155525.316 64.80109 -16.90304  8.890  1.35  0.87
 932 20140914 162141.737 64.80449 -16.92248  8.273  0.99  0.83
 933 20140914 162245.904 64.80957 -16.90358 10.805  0.68  0.52
 934 20140914 162314.082 64.79592 -16.91840 14.817  1.01  0.79
 935 20140914 164324.016 64.80413 -16.91980  9.217  1.17  1.08
 936 20140914 165317.145 64.79520 -16.89172  7.442  0.85  0.72
 937 20140914 165709.606 65.03748 -16.58995  4.199  0.86  0.85
 938 20140914 165824.671 65.04160 -16.57820  4.131  1.25  1.08
 939 20140914 170512.657 64.81028 -16.88718  8.223  0.74  0.57
 940 20140914 170538.198 65.04331 -16.58150  4.430  0.64  0.78
 941 20140914 170728.785 65.04496 -16.57898  4.393  1.12  0.92
 942 20140914 171052.882 65.06658 -16.52818  1.427  0.90  0.59
 943 20140914 171358.359 64.79533 -16.91641  8.122  1.30  1.30
 944 20140914 173508.395 64.79432 -16.90766  8.138  0.75  0.59
 945 20140914 174730.571 64.79508 -16.88924  6.649  0.64  0.42
 946 20140914 180130.145 64.79916 -16.89429  8.415  0.87  0.58
 947 20140914 180255.129 64.64271 -17.60081  3.509  2.01  1.57
 948 20140914 180412.633 64.79186 -16.91975 11.107  0.93  0.79
 949 20140914 181218.102 65.03619 -16.59115  4.000  1.19  0.82
 950 20140914 181714.400 65.04428 -16.57795  4.421  0.89  0.71
 951 20140914 183958.409 64.71581 -16.96934 12.632  0.95  0.91
 952 20140914 185121.943 65.12278 -16.34833 10.628  1.00  1.07
 953 20140914 190223.574 65.12769 -16.35157 10.631  0.99  0.98
 954 20140914 190306.507 64.65501 -17.54187  9.946  1.22  1.17
 955 20140914 190838.523 64.67587 -17.64205  8.073  1.64  1.42
 956 20140914 193925.478 64.67669 -17.47199  5.167  2.87  1.04
 957 20140914 194200.778 65.04072 -16.58146  4.157  0.80  0.86
 958 20140914 194412.513 64.62326 -17.36218  7.733  1.77  1.85
 959 20140914 194924.773 64.80351 -16.91674  8.817  1.16  0.95
 960 20140914 195143.385 65.06322 -16.54752  2.697  0.38  0.43
 961 20140914 195151.262 65.04498 -16.58068  4.359  0.61  0.42
 962 20140914 195328.911 65.04340 -16.56092  5.255  0.69  0.52
 963 20140914 200016.943 64.85674 -16.86028  4.043  0.59  0.65
 964 20140914 200955.341 64.85470 -16.83637 12.249  1.29  0.50
 965 20140914 201413.722 65.85988 -16.98056  4.575  0.12 -0.26
 966 20140914 202531.322 64.79600 -16.92388 11.038  1.48  1.49
 967 20140914 205533.299 64.80169 -16.90332 11.254  1.25  1.07
 968 20140914 211453.130 64.78357 -16.91669 11.067  0.79  0.62
 969 20140914 212237.849 65.04481 -16.57823  4.555  0.82  0.71
 970 20140914 212506.420 65.04551 -16.57688  4.562  0.64  0.64
 971 20140914 212935.309 64.71831 -17.54229  2.980  0.92  1.18
 972 20140914 214419.833 65.04340 -16.57839  5.495  0.94  0.93
 973 20140914 215220.662 65.04395 -16.56964  6.474  1.43  1.04
 974 20140914 215516.155 65.04382 -16.57971  4.484  0.61  0.63
 975 20140914 220601.522 64.80572 -16.89955  9.050  1.42  1.05
 976 20140914 220639.063 64.81948 -16.89459  7.232  1.17  0.68
 977 20140914 220859.144 64.83108 -16.88848  9.144  1.43  0.70
 978 20140914 221123.931 65.05915 -16.57817  4.383  0.67  0.37
 979 20140914 221219.829 64.81687 -16.89759  7.492  1.09  0.85
 980 20140914 221234.571 64.83787 -16.85810  3.746  0.70  1.07
 981 20140914 221237.398 64.85848 -16.84859  6.707  1.12  1.07
 982 20140914 222532.203 64.82646 -16.89537  8.484  0.72  0.54
 983 20140914 222921.502 65.14303 -16.29622  7.407  0.50  0.51
 984 20140914 223417.818 64.86110 -16.87112  5.556  0.97  0.89
 985 20140914 223503.547 64.84892 -16.86465  9.325  0.70  0.72
 986 20140914 223927.536 64.68477 -17.04427 15.667  1.40  1.27
 987 20140914 224107.270 64.86407 -16.85538  6.192  0.96  0.70
 988 20140914 224247.462 64.70308 -17.00865 11.070  0.85  0.75
 989 20140914 224611.732 64.82883 -16.87244  8.376  1.22  0.54
 990 20140914 225319.886 64.86232 -16.85545  7.966  1.54  1.68
 991 20140914 230216.422 64.78731 -16.90699  7.188  0.76  0.86
 992 20140914 231329.026 65.17172 -16.42098  6.730  0.82  0.86
 993 20140914 231905.211 64.79477 -16.89065  8.785  0.89  0.78
 994 20140914 232146.556 64.81766 -16.91212  5.779  0.80  0.93
 995 20140914 234243.058 65.03968 -16.58063  4.382  1.49  1.29
 996 20140914 234325.162 65.04203 -16.57969  4.449  1.08  1.04
 997 20140914 234535.481 65.04125 -16.57981  4.376  2.17  2.15
 998 20140914 234626.302 65.04108 -16.57998  4.384  1.46  1.38
