  Nr    Dags.    Timi      Breidd     Lengd   Dypi   M     ML
   1 20140901 000150.354 64.87301 -16.83888 10.941  0.95  0.87
   2 20140901 000214.785 64.80240 -16.91789 14.257  1.71  1.25
   3 20140901 000259.849 65.07281 -16.41840 14.792  1.28  0.68
   4 20140901 000340.603 65.12962 -16.35427  6.203  1.26  1.15
   5 20140901 000453.645 64.86190 -16.90143  7.995  0.95  1.02
   6 20140901 000534.446 65.11266 -16.38071  1.992  1.16  1.31
   7 20140901 000558.304 64.79087 -16.92501 13.676  1.26  1.27
   8 20140901 000638.829 64.81654 -16.89034 12.667  1.46  1.25
   9 20140901 000758.548 64.83703 -16.86428 11.454  0.99  0.83
  10 20140901 000827.909 64.81032 -16.92227 13.529  1.22  1.01
  11 20140901 000912.893 64.85671 -16.84919  7.480  1.04  0.85
  12 20140901 001152.269 64.82394 -16.88558 10.959  0.77  0.60
  13 20140901 001236.737 65.11887 -16.37430  1.513  0.83  1.00
  14 20140901 001437.999 64.81611 -16.89789 13.212  1.54  0.84
  15 20140901 001517.034 65.10693 -16.38724  4.325  1.68  1.44
  16 20140901 001617.773 64.86438 -16.84863 12.396  2.28  1.93
  17 20140901 001644.522 65.12339 -16.35546  1.397  1.12  0.96
  18 20140901 002111.426 64.89462 -16.84301  3.772  1.15  1.03
  19 20140901 002213.953 64.79124 -16.91403 14.754  1.40  1.30
  20 20140901 002325.345 64.86244 -16.85764  8.563  1.09  0.98
  21 20140901 002411.198 64.86644 -16.84718 12.184  1.22  1.13
  22 20140901 002626.854 64.76183 -16.92092 14.125  0.98  0.24
  23 20140901 002823.498 64.76079 -16.97014 10.057  1.68  1.16
  24 20140901 003034.121 64.67067 -17.45120  2.406  2.13  1.97
  25 20140901 003339.833 64.83211 -16.86414 13.078  1.40  1.19
  26 20140901 003539.064 64.85624 -16.85575 10.810  0.90  0.53
  27 20140901 003726.641 64.85934 -16.83649 18.932  1.21  0.73
  28 20140901 003821.935 65.12013 -16.35977  1.883  1.02  0.63
  29 20140901 003915.872 64.87344 -16.85570  9.665  0.83  0.67
  30 20140901 003941.952 64.79324 -16.92331 15.427  1.08  0.85
  31 20140901 004242.693 64.68375 -17.58733  9.136  2.17  1.81
  32 20140901 004349.219 64.72668 -16.86888 13.843  1.22  0.70
  33 20140901 004414.071 64.83961 -16.87724 13.076  1.23  0.83
  34 20140901 004653.692 64.87800 -16.83123 11.769  0.69  0.50
  35 20140901 004752.835 64.79329 -16.91444 14.087  2.00  1.62
  36 20140901 005143.895 65.11166 -16.38992  3.370  1.10  1.12
  37 20140901 005231.092 65.11489 -16.37495  1.468  1.14  0.78
  38 20140901 005404.284 64.76933 -16.94284 11.173  1.83  1.26
  39 20140901 005512.373 64.84201 -16.83242 11.055  0.77  0.62
  40 20140901 005654.382 65.09475 -16.41459  2.367  1.76  1.61
  41 20140901 005820.558 64.85655 -16.86730  9.620  0.85  0.45
  42 20140901 005837.512 65.11802 -16.37346  5.275  0.85  0.64
  43 20140901 010028.036 64.86082 -16.84970  8.147  1.32  1.13
  44 20140901 010138.447 64.84242 -16.85406 11.010  0.87  0.58
  45 20140901 010422.618 64.83902 -16.85914 12.057  0.96  0.65
  46 20140901 010540.343 64.85680 -16.81190 10.064  0.71  0.33
  47 20140901 010649.032 64.85741 -16.85825 12.817  1.14  1.03
  48 20140901 010754.003 64.80544 -16.85003  2.401  1.29  0.89
  49 20140901 010920.384 64.83110 -16.89469 13.939  1.34  1.11
  50 20140901 011053.399 65.11703 -16.37411  6.196  1.03  0.66
  51 20140901 011146.038 64.68637 -17.43178 13.114  1.79  0.81
  52 20140901 011320.939 64.78767 -16.90244 12.095  0.96  0.68
  53 20140901 011550.765 64.67184 -17.58417  7.894  1.61  1.20
  54 20140901 011721.558 64.62762 -17.33507  8.080  1.75  1.50
  55 20140901 011918.723 64.87956 -16.83922 12.835  1.94  1.47
  56 20140901 012044.639 64.85887 -16.84692  9.747  0.65  0.58
  57 20140901 012222.010 65.13191 -16.34781  6.200  1.01  0.73
  58 20140901 012315.929 64.85918 -16.84653 11.428  0.93  0.76
  59 20140901 012454.147 65.09854 -16.40857  1.088  1.81  1.82
  60 20140901 013025.729 64.85530 -16.86056 12.922  1.96  1.85
  61 20140901 013218.150 64.85838 -16.84438 12.298  0.63  0.50
  62 20140901 013445.005 64.79382 -16.89572 12.412  0.87  0.67
  63 20140901 014250.789 64.67031 -17.53152  7.316  1.90  1.95
  64 20140901 014307.211 64.66715 -17.53428  8.239  2.59  2.30
  65 20140901 014429.525 64.79860 -16.91743 14.070  1.04  0.75
  66 20140901 014455.280 64.75766 -16.95154 14.701  1.86  0.89
  67 20140901 014526.498 65.09312 -16.45382  4.924  1.13  0.90
  68 20140901 014646.786 65.09267 -16.45232  4.592  0.83  0.58
  69 20140901 015106.578 64.86172 -16.84834 12.634  0.97  0.75
  70 20140901 015313.637 64.81089 -16.91170 12.970  1.27  0.97
  71 20140901 015334.766 64.86800 -16.84670 12.601  0.98  1.06
  72 20140901 015420.539 64.67484 -17.56118  9.198  1.44  1.19
  73 20140901 015543.679 64.67429 -17.62977  6.408  1.79  1.39
  74 20140901 015612.074 64.77657 -16.88040 12.414  1.25  1.00
  75 20140901 015855.000 64.86053 -16.84567 11.687  0.91  0.64
  76 20140901 020032.736 64.77458 -16.94046 14.607  1.61  1.29
  77 20140901 020102.062 64.68648 -17.54403  8.918  1.37  1.08
  78 20140901 020154.626 64.79874 -16.86770 11.740  1.44  1.04
  79 20140901 020209.841 64.66027 -17.55016  6.682  2.29  1.89
  80 20140901 020238.656 64.77320 -16.98357 13.206  1.26  0.90
  81 20140901 020533.723 64.67104 -17.50367  7.383  1.61  0.88
  82 20140901 020628.199 64.81663 -16.90611 13.339  1.25  0.94
  83 20140901 020718.030 64.82375 -16.90574 13.411  1.08  0.71
  84 20140901 020833.627 65.05930 -16.51083 12.152  0.77  0.17
  85 20140901 021037.090 64.86955 -16.83062 12.263  1.30  1.29
  86 20140901 021211.486 64.78655 -16.90288 11.899  0.94  0.80
  87 20140901 021355.494 64.81102 -16.82250 10.300  0.98  0.81
  88 20140901 021646.780 64.79965 -16.91687 13.958  1.12  0.76
  89 20140901 022100.533 65.09001 -16.42298  3.779  2.07  1.90
  90 20140901 022207.558 64.80614 -16.91227 11.678  0.97  0.62
  91 20140901 022512.177 64.67258 -17.47335  2.694  3.86  2.58
  92 20140901 023651.294 64.86614 -16.84886 12.504  1.54  1.21
  93 20140901 023727.942 65.13279 -16.34597  3.584  1.18  1.00
  94 20140901 023815.671 65.08257 -16.40770 14.795  1.21  0.74
  95 20140901 024028.745 64.84999 -16.86112 10.898  1.00  0.80
  96 20140901 025536.508 64.87649 -16.84134 11.605  1.25  1.14
  97 20140901 025642.305 65.09532 -16.41663  3.203  2.88  2.88
  98 20140901 025846.298 65.10699 -16.41257  1.643  1.01  0.80
  99 20140901 025903.450 65.12479 -16.35623 10.450  1.33  1.11
 100 20140901 025930.292 65.11953 -16.38197  1.912  0.89  0.33
 101 20140901 030817.353 64.84455 -16.87558 10.858  0.97  0.86
 102 20140901 030949.473 64.61913 -17.42976  4.661  4.18  2.82
 103 20140901 032013.778 65.10325 -16.40410  5.159  2.38  1.95
 104 20140901 032201.915 64.82613 -16.88454 12.864  1.13  1.03
 105 20140901 032318.923 65.10150 -16.40252  5.991  1.88  1.55
 106 20140901 032520.431 64.81909 -16.90888 12.030  1.65  0.82
 107 20140901 032554.910 65.13003 -16.34877  5.081  0.86  0.75
 108 20140901 032641.912 65.11026 -16.39807  1.379  0.99  0.75
 109 20140901 032711.711 64.88268 -16.86037 10.561  0.95  0.67
 110 20140901 033414.332 65.11191 -16.38688  5.550  2.43  2.50
 111 20140901 033854.414 64.84010 -16.87310 13.463  1.60  1.27
 112 20140901 034028.843 64.86225 -16.84583 12.108  1.45  1.52
 113 20140901 034151.214 64.85818 -16.85581 12.084  1.58  1.41
 114 20140901 034253.498 64.76238 -16.94980 14.339  1.62  1.22
 115 20140901 034320.422 65.09988 -16.41545  1.362  1.23  1.60
 116 20140901 034327.907 65.10614 -16.39414  3.378  1.93  1.64
 117 20140901 034544.184 65.12938 -16.34532  3.427  2.15  2.21
 118 20140901 034650.081 64.84031 -16.88821  3.723  0.69  0.60
 119 20140901 034741.213 65.11493 -16.36676 10.886  1.62  1.18
 120 20140901 034809.252 64.85539 -16.84738 10.962  1.01  0.90
 121 20140901 035553.551 64.86237 -16.85078 12.075  2.43  2.09
 122 20140901 042247.703 64.84046 -16.86718 11.025  1.06  0.85
 123 20140901 042320.625 65.10172 -16.40759  5.052  2.16  2.33
 124 20140901 042416.154 64.85934 -16.85361 11.144  1.59  1.36
 125 20140901 043022.414 65.09969 -16.39746 11.409  0.95  0.79
 126 20140901 043054.060 65.19395 -16.25770  0.745  1.82  1.81
 127 20140901 043401.628 64.83081 -16.88471 13.951  0.86  0.92
 128 20140901 043555.615 65.19304 -16.25888  1.921  2.12  2.47
 129 20140901 043757.330 64.89072 -16.83258 11.355  0.91  0.99
 130 20140901 044540.116 64.63172 -17.51961  4.751  2.06  1.73
 131 20140901 045049.375 64.83490 -16.87367 11.833  1.33  1.05
 132 20140901 045922.776 64.67692 -17.45541  7.369  4.47  3.03
 133 20140901 050326.293 64.67629 -17.56063  7.957  1.76  1.72
 134 20140901 050452.234 64.87765 -16.84910 13.844  1.24  0.98
 135 20140901 050515.372 64.85777 -16.85569 13.023  1.68  1.72
 136 20140901 052416.698 65.13068 -16.33820  5.307  1.80  1.86
 137 20140901 053733.744 64.65315 -17.53748  7.892  3.61  2.00
 138 20140901 054931.290 64.86479 -16.84231 12.010  1.13  1.00
 139 20140901 055319.244 64.79568 -16.91058 13.942  1.29  0.87
 140 20140901 055352.541 64.83255 -16.87239 12.885  0.89  0.69
 141 20140901 055452.717 64.83616 -16.86558  8.934  0.61  0.59
 142 20140901 055555.803 65.08624 -16.43358  3.877  1.90  1.86
 143 20140901 055828.041 64.83114 -16.86826  6.813  0.48  0.39
 144 20140901 060114.693 64.79266 -16.91326 13.965  1.04  0.86
 145 20140901 060139.623 64.79413 -16.92309 14.050  1.97  1.77
 146 20140901 060226.809 64.79303 -16.89604 12.309  0.86  0.69
 147 20140901 060446.268 64.77861 -16.92809  9.684  1.39  1.35
 148 20140901 060549.132 64.86504 -16.84839 12.004  1.74  1.72
 149 20140901 060811.770 64.86524 -16.84968 12.371  1.74  1.58
 150 20140901 061001.299 64.86706 -16.84701 11.727  1.33  1.13
 151 20140901 061109.594 64.87946 -16.83642 10.772  1.68  1.43
 152 20140901 061942.966 65.13730 -16.32879  4.635  1.23  1.60
 153 20140901 065342.915 64.79381 -16.91700 15.543  1.46  1.12
 154 20140901 065555.591 64.62775 -17.36601  2.522  3.18  1.70
 155 20140901 065638.018 64.76378 -17.85359  0.578  2.09  1.96
 156 20140901 065706.748 64.86661 -16.85394 11.259  1.89  1.66
 157 20140901 070302.144 64.86325 -16.84751 13.402  1.18  1.02
 158 20140901 073012.138 64.86111 -16.84934 12.464  1.87  1.76
 159 20140901 073939.915 65.19921 -16.25744  1.139  2.45  2.78
 160 20140901 074353.675 64.62808 -17.56759  6.144  1.86  1.55
 161 20140901 085811.932 64.66113 -17.53831  8.596  5.04  3.98
 162 20140901 091218.209 64.66144 -17.52649  8.959  3.04  2.02
 163 20140901 094711.856 65.19315 -16.25850  0.810  2.50  2.56
 164 20140901 100054.427 64.86237 -16.84895  7.918  3.00  2.71
 165 20140901 103345.574 65.12974 -16.34387  4.926  3.14  2.80
 166 20140901 104135.102 65.12754 -16.34299  2.671  2.07  2.24
 167 20140901 104502.185 65.13178 -16.33575  2.459  2.49  2.21
 168 20140901 105346.428 65.13119 -16.33695  3.256  2.30  1.87
 169 20140901 113622.682 65.10550 -16.39727  3.908  2.14  1.85
 170 20140901 114108.460 64.67747 -17.45203  6.843  5.28  4.04
 171 20140901 122855.913 65.13861 -16.32221  2.031  2.08  2.10
 172 20140901 133604.484 65.11787 -16.36406  3.990  1.74  1.76
 173 20140901 141448.060 64.85804 -16.85641  7.403  2.24  1.99
 174 20140901 152800.964 65.13830 -16.31441  5.275  1.74  1.61
 175 20140901 153307.415 65.09959 -16.40633  5.608  2.21  1.81
 176 20140901 153920.336 64.79490 -16.91018 11.002  1.49  1.29
 177 20140901 154523.071 65.13289 -16.33639  4.995  2.86  2.83
 178 20140901 155136.427 64.83947 -16.87658 11.681  1.41  1.46
 179 20140901 162105.940 64.84619 -16.87375 11.292  1.10  0.97
 180 20140901 162216.886 64.88958 -16.82816 12.285  1.59  1.50
 181 20140901 162633.018 64.86021 -16.84677 12.085  1.23  0.99
 182 20140901 162707.192 64.86290 -16.85585 13.426  1.02  0.80
 183 20140901 162925.952 64.86817 -16.85044 11.751  1.19  1.04
 184 20140901 165354.346 65.14059 -16.31917  3.490  2.26  2.04
 185 20140901 170139.852 64.79671 -16.90787 12.662  1.63  1.39
 186 20140901 170810.228 65.11833 -16.36007  1.664  2.05  1.76
 187 20140901 171712.073 65.10792 -16.39384  6.251  1.62  1.54
 188 20140901 171841.909 65.12086 -16.36052  0.877  1.63  1.83
 189 20140901 172819.495 65.11947 -16.36882  1.286  2.44  1.87
 190 20140901 174455.277 64.77026 -16.98309 11.851  1.30  1.28
 191 20140901 184044.168 64.79424 -16.90782 13.675  1.59  1.38
 192 20140901 184707.437 65.14584 -16.30826  1.774  2.05  2.13
 193 20140901 184756.703 64.79337 -16.89963  8.422  1.01  0.92
 194 20140901 184928.374 65.12495 -16.36327  3.165  0.95  0.48
 195 20140901 184953.633 65.12762 -16.35197 13.073  1.26  1.02
 196 20140901 185116.810 65.88596 -16.97723  1.810  0.95  0.61
 197 20140901 185341.744 64.80470 -16.90214  5.247  1.14  0.73
 198 20140901 185415.869 64.76373 -16.94938 13.702  1.51  1.02
 199 20140901 185511.791 64.79383 -16.91239  9.050  1.06  0.82
 200 20140901 185908.493 65.10656 -16.38560  1.480  1.37  1.35
 201 20140901 190219.506 64.84921 -16.85797 11.410  1.25  1.43
 202 20140901 190519.167 65.14688 -16.32179  1.342  0.67  0.82
 203 20140901 190612.747 65.11127 -16.38027  3.094  1.10  0.59
 204 20140901 190752.243 64.80373 -16.90942  7.086  1.22  0.87
 205 20140901 190830.593 65.13960 -16.29117  2.517  0.86  0.78
 206 20140901 190937.279 64.80290 -16.91096  9.171  1.01  0.91
 207 20140901 191845.704 65.11845 -16.36635  4.375  2.56  2.29
 208 20140901 193404.706 65.19392 -17.00284  6.668  2.07  1.36
 209 20140901 193830.738 65.11357 -16.37918  4.583  1.18  0.99
 210 20140901 194257.524 64.80003 -16.91831 11.076  1.41  1.07
 211 20140901 194424.108 65.09811 -16.44456  6.452  1.45  0.99
 212 20140901 194453.599 65.12534 -16.35265  4.587  1.10  0.85
 213 20140901 194713.491 65.11088 -16.38740  4.120  1.82  1.51
 214 20140901 195520.600 64.80320 -16.91053  8.239  1.06  0.95
 215 20140901 200305.648 64.80447 -16.90768  6.805  1.06  0.91
 216 20140901 200903.712 65.14336 -16.30404  1.173  1.10  1.24
 217 20140901 200934.591 65.12341 -16.35495  5.264  1.07  1.05
 218 20140901 201114.983 64.79240 -16.92364 11.398  1.58  1.42
 219 20140901 201333.276 65.13749 -16.28317  1.556  1.58  1.31
 220 20140901 201517.121 65.12634 -16.34690  4.487  1.15  1.05
 221 20140901 201540.775 64.79709 -16.92181 10.673  1.38  0.90
 222 20140901 201707.133 65.12294 -16.36033  4.285  1.01  0.77
 223 20140901 201802.242 65.11619 -16.37853  3.211  1.24  0.99
 224 20140901 202031.630 64.80498 -16.91631  8.731  0.90  0.43
 225 20140901 202959.183 64.77702 -16.91894  6.938  1.05  0.84
 226 20140901 203829.141 65.13651 -16.32065  4.632  1.25  1.33
 227 20140901 203832.885 64.80737 -16.91952 11.979  1.67  0.97
 228 20140901 204156.062 64.82095 -16.91133  8.929  1.13  0.88
 229 20140901 204517.726 64.79872 -16.89190  5.021  0.68  0.25
 230 20140901 204536.231 64.80815 -16.90473  8.885  1.09  0.98
 231 20140901 204646.906 65.12670 -16.34585  9.130  1.54  1.44
 232 20140901 205052.249 64.82822 -16.88068  7.965  1.12  0.87
 233 20140901 205228.605 64.79797 -16.91823 11.116  1.08  0.98
 234 20140901 205511.868 65.17004 -16.44119  7.253  1.02  0.62
 235 20140901 205600.042 65.09294 -16.42114  2.736  1.84  1.64
 236 20140901 210117.208 64.83228 -16.88065  5.150  0.62  0.76
 237 20140901 211010.969 65.05479 -16.49200  6.104  1.45  1.36
 238 20140901 211128.389 64.78927 -16.89384  9.394  0.81  0.96
 239 20140901 211150.549 65.09973 -16.41377  2.137  0.83  0.68
 240 20140901 211241.306 64.84585 -16.89067  7.139  1.05  0.96
 241 20140901 211511.724 65.04162 -16.57280  4.896  0.96  0.82
 242 20140901 211656.848 65.10889 -16.39566  4.212  1.44  1.14
 243 20140901 212125.960 64.86464 -16.85772  9.667  2.13  1.98
 244 20140901 212307.140 64.79517 -16.90041  8.300  1.07  1.12
 245 20140901 212430.844 64.67200 -17.44624  6.853  2.02  1.79
 246 20140901 212656.645 63.78794 -22.98415  9.255  1.77  1.51
 247 20140901 212812.184 65.11086 -16.40025  1.891  0.93  0.60
 248 20140901 213609.798 64.83434 -16.88759  7.518  1.28  1.25
 249 20140901 213649.509 65.10362 -16.38338 12.015  0.91  0.82
 250 20140901 213816.012 64.65173 -17.31033 11.029  0.90  0.45
 251 20140901 214106.672 64.85042 -16.88795 10.280  1.18  0.97
 252 20140901 215449.769 64.79789 -16.91950 11.139  1.16  0.93
 253 20140901 215659.013 65.11812 -16.36654  4.579  2.32  1.73
 254 20140901 215850.920 65.13822 -16.31855  2.656  2.35  2.06
 255 20140901 215946.595 65.12534 -16.35790  4.741  0.97  0.79
 256 20140901 220543.539 64.84399 -16.85858 10.360  0.68  0.66
 257 20140901 221630.045 65.11936 -16.35933  4.794  1.18  1.21
 258 20140901 222548.623 65.13490 -16.32022  4.432  1.23  1.53
 259 20140901 222652.484 65.11382 -16.37356  8.440  1.93  1.54
 260 20140901 223014.142 65.12380 -16.36431  3.390  1.15  1.02
 261 20140901 223143.154 64.80314 -16.91354  8.872  1.31  1.08
 262 20140901 223618.643 65.13542 -16.33114  2.102  2.08  1.59
 263 20140901 224043.277 65.13746 -16.32246  2.762  2.16  2.22
 264 20140901 224520.596 65.13600 -16.32261  2.005  2.14  1.94
 265 20140901 224953.754 65.13212 -16.33156  4.613  2.64  2.21
 266 20140901 225108.244 65.13380 -16.32330  1.364  1.36  1.44
 267 20140901 225842.788 64.79516 -16.90361  8.230  1.06  0.87
 268 20140901 230014.303 64.82417 -16.90656  8.362  1.21  1.13
 269 20140901 230137.682 65.12677 -16.24207  0.135  0.79  0.69
 270 20140901 230320.960 64.79153 -16.90294  7.265  1.00  0.70
 271 20140901 230807.815 64.79393 -16.89787 10.372  0.97  0.50
 272 20140901 230822.759 64.84426 -16.88878  7.767  1.10  1.03
 273 20140901 231005.113 64.85725 -16.86092  6.711  1.30  1.05
 274 20140901 231129.171 65.06365 -16.47384  4.094  1.05  0.59
 275 20140901 231309.845 64.80603 -16.90629  6.088  1.05  0.76
 276 20140901 231336.937 64.86661 -16.86555  8.481  1.05  1.02
 277 20140901 232244.900 64.79078 -16.90572  7.597  1.02  0.99
 278 20140901 232506.484 64.84857 -16.85524  8.444  1.67  1.43
 279 20140901 233003.040 64.86763 -16.85209  4.189  2.07  1.63
 280 20140901 233346.902 64.82558 -16.87832  5.199  0.87  1.02
 281 20140901 233655.779 64.86624 -16.86132  6.215  1.13  1.08
 282 20140901 234228.362 64.86938 -16.85819 11.057  0.95  0.86
 283 20140901 234512.691 64.86198 -16.84585  9.530  1.00  0.89
 284 20140901 234757.574 64.79983 -16.91980  9.154  0.82  0.73
 285 20140901 234814.332 64.83946 -16.86727  9.508  1.15  0.78
 286 20140901 234923.670 64.86536 -16.84980  6.596  1.73  1.64
 287 20140901 235110.920 64.82223 -16.91099  7.792  1.28  1.03
 288 20140901 235253.093 64.81323 -16.88439  9.495  1.41  1.07
 289 20140901 235346.833 64.87197 -16.84608 12.858  1.34  1.10
 290 20140901 235418.139 64.81030 -16.85085  7.983  1.29  0.67
 291 20140901 235528.234 64.86890 -16.85059  4.202  2.26  2.00
 292 20140901 235659.126 64.84407 -16.85659 11.673  1.09  0.97
 293 20140901 235727.321 64.82751 -16.89375 11.006  1.09  0.95
 294 20140902 000530.949 64.86790 -16.85120  6.623  1.57  1.63
 295 20140902 000830.586 64.83225 -16.87232 10.864  0.94  0.84
 296 20140902 000941.514 64.87743 -16.84906 10.380  1.85  1.69
 297 20140902 000941.579 64.87522 -16.84523  9.309  2.01  1.71
 298 20140902 002247.136 64.84121 -16.86915  7.762  1.47  1.01
 299 20140902 002309.840 64.83161 -16.88196 10.262  1.85  1.39
 300 20140902 003727.276 64.86977 -16.84990 11.220  1.49  1.29
 301 20140902 003907.238 64.87775 -16.84528 11.348  1.24  1.40
 302 20140902 004428.975 64.87015 -16.85012  9.574  1.16  1.25
 303 20140902 010411.494 64.87766 -16.82826 11.084  1.44  1.29
 304 20140902 010629.982 64.86568 -16.85579 10.839  3.13  2.81
 305 20140902 011324.423 64.79789 -16.91878  9.491  1.55  1.39
 306 20140902 011420.822 64.79543 -16.92375 11.071  1.73  1.81
 307 20140902 011850.022 64.86382 -16.84895 11.465  2.45  2.13
 308 20140902 012653.165 64.86096 -16.84886 12.455  1.42  1.29
 309 20140902 013516.226 64.87598 -16.84343 10.285  1.92  1.85
 310 20140902 013936.840 64.87070 -16.85102 12.292  1.97  1.71
 311 20140902 014703.637 64.89648 -16.83740  9.048  1.60  1.44
 312 20140902 014720.883 64.87772 -16.84352  4.996  1.35  1.17
 313 20140902 020231.229 64.87081 -16.83894 12.453  1.34  1.39
 314 20140902 021407.104 64.87810 -16.84537 11.034  1.33  1.32
 315 20140902 022255.703 64.86433 -16.85628  9.642  2.22  2.13
 316 20140902 023609.281 64.85322 -16.86933 11.522  2.71  2.46
 317 20140902 023905.324 64.85354 -16.87629  9.066  1.24  1.30
 318 20140902 024234.503 64.87584 -16.83801  7.714  1.12  1.01
 319 20140902 024348.233 64.80646 -16.91159  9.092  1.57  1.39
 320 20140902 030702.651 64.82687 -16.88329  8.680  1.31  1.25
 321 20140902 031330.492 64.86797 -16.85280 11.150  1.57  1.37
 322 20140902 031831.432 65.09729 -16.43051  4.559  1.38  1.51
 323 20140902 031913.524 64.85699 -16.86283  8.265  1.57  1.21
 324 20140902 033040.513 64.67068 -17.46454  7.859  2.24  2.16
 325 20140902 033229.463 64.81805 -16.92734 11.254  1.38  1.19
 326 20140902 033716.427 65.13806 -16.32060  5.367  1.75  1.73
 327 20140902 034956.912 65.13615 -16.32121  7.937  2.43  2.12
 328 20140902 043200.899 64.86767 -16.85596 12.218  2.02  1.77
 329 20140902 043439.243 64.87492 -16.83575 10.572  1.41  1.22
 330 20140902 043519.301 64.79680 -16.89277  9.612  1.31  0.99
 331 20140902 044100.808 64.68140 -17.52787  2.775  1.90  1.51
 332 20140902 044651.616 64.86171 -16.84660 11.155  1.07  1.05
 333 20140902 045020.065 65.14159 -16.31320  2.044  1.95  1.79
 334 20140902 045651.099 64.83498 -16.89240  9.494  2.26  1.75
 335 20140902 045746.295 64.81113 -16.90605  8.583  1.25  0.83
 336 20140902 050404.361 64.79883 -16.92212  8.585  2.17  2.16
 337 20140902 051847.614 64.79746 -16.91070  8.662  1.45  1.35
 338 20140902 052429.515 64.85807 -16.85069 10.443  0.91  0.76
 339 20140902 052527.538 64.87018 -16.84992 11.150  1.03  1.10
 340 20140902 054554.292 64.81400 -16.91908  7.736  1.28  1.15
 341 20140902 054758.898 64.80116 -16.92453  7.834  1.76  1.56
 342 20140902 060107.719 64.86621 -16.85143 11.850  1.47  1.47
 343 20140902 061833.557 64.82025 -16.91291  8.656  1.32  1.14
 344 20140902 061951.533 64.79320 -16.91663  8.858  1.47  1.29
 345 20140902 064530.615 64.67329 -17.37752  7.397  1.97  1.77
 346 20140902 070905.626 64.64481 -17.53943  8.230  2.05  1.66
 347 20140902 080614.321 63.99165 -19.98027  8.087  1.17  1.08
 348 20140902 083112.558 64.86211 -16.85652 11.167  1.32  1.21
 349 20140902 085359.224 64.81785 -16.90897  9.192  1.67  1.44
 350 20140902 085906.947 64.86302 -16.85157 10.140  2.17  1.98
 351 20140902 090206.642 65.12603 -16.35316  4.051  2.20  2.34
 352 20140902 090934.276 65.13033 -16.35308  5.757  1.72  1.80
 353 20140902 092830.980 64.86182 -16.84596 11.355  1.57  1.47
 354 20140902 093823.261 65.03320 -16.62406  2.389  2.02  1.85
 355 20140902 094230.105 63.90982 -21.18356  6.404  1.64  1.46
 356 20140902 101332.246 64.86540 -16.85581 10.954  2.75  2.35
 357 20140902 112305.227 65.19620 -16.25782  1.658  2.23  2.18
 358 20140902 112650.230 64.67859 -17.48390  6.072  4.66  3.42
 359 20140902 115853.916 64.82679 -16.87969  5.340  2.57  1.48
 360 20140902 123359.055 64.86384 -16.85428  7.117  1.57  1.52
 361 20140902 124207.806 64.84135 -16.88445  7.859  1.06  0.80
 362 20140902 131630.692 64.79283 -16.91987  9.519  1.19  0.85
 363 20140902 134523.903 64.85629 -16.86240  9.321  1.03  0.94
 364 20140902 135501.862 64.62094 -17.37032  6.055  4.34  3.18
 365 20140902 140317.811 64.79925 -16.91232  8.910  1.29  1.08
 366 20140902 142847.050 64.79578 -16.92576 11.318  1.10  0.89
 367 20140902 143641.760 64.79045 -16.91647  9.316  0.99  0.94
 368 20140902 145733.294 64.80394 -16.92222  9.543  1.92  1.56
 369 20140902 152919.984 65.08459 -16.44159  1.674  2.22  2.12
 370 20140902 171913.834 65.12046 -16.35568  3.411  1.95  1.67
 371 20140902 172328.333 64.79826 -16.91042  9.354  1.34  1.00
 372 20140902 174037.088 64.66557 -17.61346  5.070  1.99  1.61
 373 20140902 174340.614 65.11642 -16.37019  7.217  1.94  1.77
 374 20140902 182315.065 64.79835 -16.91538  8.379  0.94  0.71
 375 20140902 182332.612 64.66330 -17.40873  3.785  2.62  2.30
 376 20140902 183533.900 64.79517 -16.92110 11.147  1.05  0.89
 377 20140902 183635.963 64.78898 -16.90135  2.630  0.89  0.73
 378 20140902 183841.064 64.84528 -16.86824  9.509  0.96  0.75
 379 20140902 184450.342 65.12618 -16.35814  6.731  1.13  0.89
 380 20140902 184800.236 64.80921 -16.90096  8.162  0.67  1.12
 381 20140902 190410.861 64.76892 -17.84704  1.254  1.82  1.72
 382 20140902 191744.606 65.03443 -16.59097  1.646  1.31  1.37
 383 20140902 191927.468 64.79314 -16.90900  8.701  1.31  0.92
 384 20140902 192006.568 65.09134 -16.44031  4.580  1.51  1.46
 385 20140902 192012.127 64.81719 -16.91322  8.252  1.60  1.09
 386 20140902 192115.771 64.79499 -16.91812  6.593  0.92  0.59
 387 20140902 192537.850 65.12199 -16.35772  6.746  0.93  0.84
 388 20140902 192621.361 64.80949 -16.91126  0.052  2.00  1.36
 389 20140902 193034.221 65.06970 -16.48341  9.577  1.31  1.01
 390 20140902 193341.158 64.80468 -16.90110  6.806  0.73  0.55
 391 20140902 193646.506 64.76304 -16.94891 11.451  0.94  0.72
 392 20140902 193729.676 64.70074 -16.99193  9.849  0.93  0.99
 393 20140902 193847.830 64.79303 -16.91649  9.370  1.43  0.97
 394 20140902 193918.008 64.79068 -16.89949  6.684  1.08  0.97
 395 20140902 194613.578 64.82262 -16.88760  7.155  1.04  0.82
 396 20140902 194632.491 64.80455 -16.90907  8.562  1.22  0.80
 397 20140902 194742.660 64.79465 -16.89277  8.045  0.97  0.73
 398 20140902 195508.952 64.71786 -16.74028 11.183  1.14  0.97
 399 20140902 195838.963 65.04134 -16.59963  4.113  0.91  0.54
 400 20140902 195950.325 66.22137 -18.25629  9.631  1.07  1.46
 401 20140902 200231.197 64.83536 -16.86918  9.307  1.02  0.78
 402 20140902 200503.774 64.82552 -16.88078  9.213  1.68  1.03
 403 20140902 200633.168 65.10581 -16.38289 13.120  1.17  1.02
 404 20140902 200949.027 64.83316 -16.88150  7.790  0.86  0.65
 405 20140902 201202.273 64.79117 -16.90701  8.610  0.91  0.60
 406 20140902 201403.374 64.78886 -16.90696  8.507  0.91  0.81
 407 20140902 201422.958 64.79289 -16.90065  8.373  0.91  0.68
 408 20140902 201734.995 64.75475 -17.84185  1.409  0.91  0.84
 409 20140902 202035.861 64.79561 -16.91978  9.684  1.35  1.24
 410 20140902 202212.831 64.79234 -16.90856  8.020  0.95  0.59
 411 20140902 202245.878 64.79904 -16.91205  5.875  1.00  0.83
 412 20140902 202346.042 64.80257 -16.91364  8.951  1.58  1.09
 413 20140902 203134.464 64.86184 -16.85351  6.232  1.69  1.56
 414 20140902 203521.959 64.86118 -16.85190  8.083  2.46  1.95
 415 20140902 203742.155 65.03424 -16.48448  3.222  0.83  0.78
 416 20140902 204108.871 64.99930 -16.62700  1.144  1.15  1.12
 417 20140902 204218.383 64.67765 -17.45943  4.475  3.82  2.12
 418 20140902 211030.655 64.84108 -16.85845  8.169  0.82  0.63
 419 20140902 211144.725 64.66217 -17.60271  4.572  1.20  1.14
 420 20140902 211548.234 64.80592 -16.92554  6.952  1.48  1.13
 421 20140902 211650.732 65.98417 -18.14088  6.076  1.21  0.97
 422 20140902 211720.842 65.98846 -18.14173  5.400  1.01  0.93
 423 20140902 212420.666 64.80652 -16.90484  8.571  1.07  0.74
 424 20140902 212613.756 64.82681 -16.90659  7.660  0.84  0.63
 425 20140902 212704.539 65.02859 -16.59596  1.201  1.26  1.38
 426 20140902 213134.477 64.83466 -16.88967  6.287  1.28  1.14
 427 20140902 213948.601 64.78980 -16.89697  7.811  1.00  0.74
 428 20140902 214012.951 64.79254 -16.93788 10.183  0.83  0.74
 429 20140902 214040.783 64.79701 -16.92475 11.434  0.88  0.64
 430 20140902 214136.485 64.65583 -17.56716  3.546  1.27  0.63
 431 20140902 214731.988 64.80067 -16.96141  6.727  1.19  0.52
 432 20140902 215409.183 64.78833 -16.90750  7.469  0.85  0.65
 433 20140902 220118.292 64.79538 -16.90009  9.017  1.14  0.82
 434 20140902 220259.916 65.12862 -16.34494  4.560  0.94  0.81
 435 20140902 220323.174 64.79411 -16.89804  8.809  0.89  0.52
 436 20140902 220348.086 64.67290 -17.47179  6.076  1.58  1.51
 437 20140902 220402.649 64.80402 -16.90459  8.163  1.20  1.08
 438 20140902 220523.112 64.83480 -16.87202  8.375  0.98  0.87
 439 20140902 220704.378 64.79058 -16.90191  9.094  0.85  0.70
 440 20140902 220912.858 64.62822 -17.60609  3.698  1.75  1.17
 441 20140902 220929.730 64.79786 -16.90240  7.776  0.91  0.61
 442 20140902 221117.418 64.69826 -17.43552  9.033  1.49  1.23
 443 20140902 221728.457 64.79417 -16.90614  8.773  1.79  1.51
 444 20140902 222310.155 64.84814 -16.88448  8.991  1.17  0.89
 445 20140902 224713.073 64.69268 -17.45874  8.445  1.16  1.02
 446 20140902 224824.912 64.86304 -16.84532 11.489  0.55  0.47
 447 20140902 225336.261 64.66904 -17.44771  5.528  4.86  3.41
 448 20140902 225914.887 65.09341 -16.43649  4.137  1.53  1.38
 449 20140902 225936.127 65.10205 -16.41763  1.799  1.09  0.88
 450 20140902 231335.295 64.72949 -17.49935  5.523  1.95  1.82
 451 20140902 232406.010 64.86073 -16.85214  8.097  2.50  2.45
 452 20140903 000435.626 64.82187 -16.94446  7.299  1.26  1.50
 453 20140903 000515.961 65.13380 -16.32854  7.208  0.49  0.35
 454 20140903 000545.560 65.15622 -16.28866  1.233  0.93  0.89
 455 20140903 000745.720 65.01925 -16.66477  4.147  1.61  1.41
 456 20140903 001500.282 66.37301 -16.98639 12.043  1.08  1.13
 457 20140903 002200.087 66.22205 -18.27041  9.066  0.83  0.94
 458 20140903 002632.528 64.79642 -16.91194  9.687  1.86  1.63
 459 20140903 003429.248 64.83051 -16.89574  9.523  1.13  0.86
 460 20140903 003521.972 64.63985 -17.53670  7.926  1.64  1.30
 461 20140903 004404.754 64.79128 -16.92175 11.167  1.51  1.49
 462 20140903 004657.598 64.79507 -16.91772 13.401  1.25  0.74
 463 20140903 005602.380 64.78932 -16.92092 15.120  1.15  1.01
 464 20140903 010018.676 65.13514 -16.33136  7.962  1.16  1.07
 465 20140903 010110.625 64.82278 -16.91128 12.230  1.55  0.66
 466 20140903 011221.410 64.79021 -16.92095  9.667  1.78  1.74
 467 20140903 011320.749 64.79321 -16.89867  6.638  1.40  0.89
 468 20140903 012307.548 64.78741 -16.91982 11.565  2.69  2.59
 469 20140903 012434.831 65.09648 -16.42951  4.818  0.95  0.75
 470 20140903 013037.351 65.05749 -16.56208  2.919  0.46  0.15
 471 20140903 013306.257 65.07526 -16.42374 14.335  0.91  0.68
 472 20140903 014139.144 64.78745 -16.90720  7.837  0.94  0.82
 473 20140903 014233.249 64.80363 -16.90028  5.397  0.69  0.65
 474 20140903 014524.553 64.67777 -17.54099  7.344  1.27  1.04
 475 20140903 014908.727 64.79950 -16.91238  8.325  0.71  0.35
 476 20140903 015657.520 64.78983 -16.91955  9.275  1.52  1.51
 477 20140903 015719.619 65.05170 -16.46517  2.766  1.25  0.90
 478 20140903 015802.005 64.79130 -16.90038  7.901  0.74  0.59
 479 20140903 015837.243 64.76040 -17.83754  3.067  1.14  1.04
 480 20140903 020606.124 65.12332 -16.35281  4.361  1.87  1.74
 481 20140903 020747.038 65.11546 -16.37951  7.587  1.14  1.32
 482 20140903 020811.718 65.11269 -16.38367  7.971  1.30  1.31
 483 20140903 020909.714 64.80901 -16.90594  8.078  0.69  0.54
 484 20140903 020925.670 65.02605 -16.66033  3.116  1.60  1.49
 485 20140903 021352.245 64.70253 -17.40723  7.100  1.37  1.15
 486 20140903 022842.894 64.79053 -16.90098  6.964  1.07  0.77
 487 20140903 023539.847 65.12221 -16.33761 10.910  0.79  0.44
 488 20140903 023559.083 65.12630 -16.35649  8.166  0.90  0.67
 489 20140903 023901.466 64.79383 -16.90063  7.938  0.90  0.75
 490 20140903 024136.856 64.77660 -16.92660  8.751  1.13  1.35
 491 20140903 024756.510 64.80520 -16.90176  7.841  1.11  1.05
 492 20140903 025504.619 64.62533 -17.56110  6.027  1.30  1.10
 493 20140903 030954.372 64.67992 -17.45095  6.377  5.54  4.05
 494 20140903 031837.126 65.12228 -16.35921  7.311  1.59  1.57
 495 20140903 032315.287 65.12291 -16.33706  7.859  1.28  1.19
 496 20140903 033611.321 64.79412 -16.90425  8.267  0.97  0.73
 497 20140903 033754.763 64.83329 -16.87485  8.058  1.22  1.08
 498 20140903 034109.579 64.81918 -16.90971  7.969  1.02  0.52
 499 20140903 042119.003 64.80373 -16.92720  8.151  1.21  1.15
 500 20140903 042431.077 64.79845 -16.91279  8.157  1.81  1.43
 501 20140903 043055.981 64.80647 -16.91761  8.244  1.91  1.69
 502 20140903 044938.482 65.12328 -16.35522  3.258  2.62  2.43
 503 20140903 045033.816 65.12259 -16.35680  3.759  2.94  2.50
 504 20140903 045138.786 64.81760 -16.91489  8.450  1.43  1.37
 505 20140903 045202.373 65.12455 -16.35358  2.412  2.41  2.35
 506 20140903 045256.362 65.12205 -16.36015  3.611  2.09  2.04
 507 20140903 045403.678 64.80672 -16.91087  8.745  1.92  1.59
 508 20140903 045520.841 65.12404 -16.35742  8.102  1.12  0.95
 509 20140903 045606.965 64.79948 -16.91036  7.358  1.74  1.41
 510 20140903 050024.059 65.12789 -16.35110  1.492  1.94  2.11
 511 20140903 050220.986 64.80167 -16.91092 10.883  1.31  1.19
 512 20140903 050312.802 64.80387 -16.91001  8.207  1.54  1.37
 513 20140903 050351.413 65.11807 -16.36634  4.100  2.05  1.90
 514 20140903 050509.800 64.80951 -16.91915  9.098  1.93  1.55
 515 20140903 050623.052 65.12673 -16.34867  1.828  2.35  2.53
 516 20140903 051056.798 64.80023 -16.90944  7.955  1.29  0.96
 517 20140903 051145.939 64.07435 -21.11356  6.297  1.00  0.68
 518 20140903 053032.284 65.13099 -16.34071  1.660  2.36  2.31
 519 20140903 061512.473 64.80560 -16.91561  9.434  2.61  2.26
 520 20140903 064227.938 64.85787 -16.86178  8.741  1.85  1.65
 521 20140903 101439.773 65.11452 -16.37927  2.329  2.06  1.84
 522 20140903 102849.988 64.85326 -16.86228 11.183  2.24  2.11
 523 20140903 103553.476 64.66766 -17.45121  2.996  3.79  2.46
 524 20140903 143538.830 64.81139 -16.90710 13.046  1.44  1.27
 525 20140903 144037.364 64.86405 -16.84891 12.086  1.69  1.48
 526 20140903 144110.185 64.81104 -16.89111 11.615  0.76  0.93
 527 20140903 144235.794 64.83074 -16.88583  4.125  1.50  0.90
 528 20140903 150750.587 65.14793 -16.29325  2.646  1.09  0.98
 529 20140903 151111.024 64.79509 -16.90488  8.831  1.78  1.16
 530 20140903 151557.163 65.14648 -16.31698  1.710  1.38  1.30
 531 20140903 151637.955 64.82786 -16.88333  9.929  1.01  1.00
 532 20140903 152258.712 63.64190 -19.11586  0.042  1.16  0.41
 533 20140903 152714.333 64.83575 -16.87439  8.897  1.42  1.23
 534 20140903 152814.530 64.79431 -16.90030  7.757  0.62  0.81
 535 20140903 153743.730 64.85196 -16.85712  5.507  0.78  0.84
 536 20140903 153934.881 64.86073 -16.85631  8.387  1.63  1.49
 537 20140903 154552.886 64.79629 -16.90216  8.050  0.99  0.90
 538 20140903 154849.540 64.60068 -17.56171  0.135  1.44  1.37
 539 20140903 155153.189 64.78897 -16.90607  8.579  1.08  0.79
 540 20140903 155835.334 65.11382 -16.36966  6.818  1.51  1.44
 541 20140903 155943.366 64.85015 -16.87868  7.159  0.72  0.73
 542 20140903 160941.907 64.86044 -16.84814 12.029  1.17  1.04
 543 20140903 162646.278 65.11823 -16.36900  5.822  1.69  1.81
 544 20140903 162805.530 65.22205 -16.34141 12.705  1.06  1.28
 545 20140903 162937.812 66.26807 -18.47915  9.964  1.48  1.80
 546 20140903 163351.983 65.15113 -16.30705  3.928  1.04  0.86
 547 20140903 163417.070 65.11487 -16.38657  8.859  1.13  1.02
 548 20140903 163804.898 65.09763 -16.39457 13.103  1.13  1.08
 549 20140903 164029.402 64.77312 -16.92317  6.250  0.83  0.87
 550 20140903 164458.977 65.09972 -16.40759  5.670  0.92  1.08
 551 20140903 165023.710 64.79005 -16.89829  8.585  1.01  0.92
 552 20140903 170901.486 64.86087 -16.84673 14.301  1.33  1.03
 553 20140903 171509.968 64.68780 -17.47230  8.093  2.08  1.96
 554 20140903 172128.239 64.80611 -16.89898  7.622  0.72  0.80
 555 20140903 172359.411 65.10548 -16.39211 10.453  1.33  0.48
 556 20140903 172541.097 64.86355 -16.85021 12.374  1.53  1.61
 557 20140903 172841.773 64.79449 -16.91711  6.237  2.35  1.27
 558 20140903 174443.825 64.84560 -16.86350 13.646  1.26  1.14
 559 20140903 174517.977 64.84975 -16.84889 11.570  1.12  0.93
 560 20140903 174718.378 64.86807 -16.85100 11.128  1.14  1.13
 561 20140903 174743.442 66.27864 -18.53976 13.325  1.35  1.12
 562 20140903 175128.381 64.81846 -16.88691 12.704  0.91  1.08
 563 20140903 175821.634 64.70747 -16.97993 13.215  1.49  1.26
 564 20140903 180033.724 65.09505 -16.40854 10.974  0.83  1.21
 565 20140903 180140.934 65.22148 -16.34278 13.384  1.12  2.20
 566 20140903 180313.841 65.10695 -16.39266  8.877  1.34  1.29
 567 20140903 180500.288 64.79076 -16.89904  7.849  1.07  0.74
 568 20140903 180627.313 65.12293 -16.36642  2.139  0.91  0.84
 569 20140903 180713.756 64.83453 -16.88056 13.320  1.48  0.94
 570 20140903 181858.718 65.11219 -16.38515  8.963  0.89  0.72
 571 20140903 182559.881 64.80014 -16.91304  8.856  1.41  1.29
 572 20140903 182630.822 64.79127 -16.90940  8.451  2.13  1.46
 573 20140903 183701.612 64.74182 -17.49321  6.239  2.05  1.66
 574 20140903 185112.704 64.81217 -16.91703  9.725  2.45  1.87
 575 20140903 185203.667 65.13297 -16.34261  4.065  1.39  1.05
 576 20140903 190127.926 65.11562 -16.37071  5.506  1.61  1.67
 577 20140903 191955.317 64.78969 -16.92861 11.539  1.31  1.27
 578 20140903 192346.572 64.77399 -16.92769 12.377  1.59  1.25
 579 20140903 192714.942 64.84637 -16.84599 11.663  1.64  1.18
 580 20140903 193928.957 65.15111 -16.29876  1.040  2.18  2.04
 581 20140903 195223.415 64.83286 -16.87473  8.366  2.17  1.60
 582 20140903 195604.895 64.86219 -16.85879  8.174  1.37  1.30
 583 20140903 195720.569 64.85937 -16.85649  8.728  1.51  1.45
 584 20140903 195753.727 64.86571 -16.85678 11.386  1.71  1.85
 585 20140903 203433.921 65.12041 -16.36462  6.350  1.71  1.74
 586 20140903 204127.598 64.66833 -17.41450  8.652  2.23  1.93
 587 20140903 205547.186 65.14974 -16.29550  2.811  1.49  1.31
 588 20140903 210517.581 64.79610 -16.90508  7.903  0.98  0.72
 589 20140903 211013.674 65.12382 -16.36584  6.734  1.23  1.29
 590 20140903 211207.445 64.05779 -21.38140  4.362  0.64  0.47
 591 20140903 211421.559 64.79424 -16.89802  4.443  0.40  0.40
 592 20140903 211618.549 64.78136 -16.93276  9.209  1.32  0.62
 593 20140903 213826.444 64.78495 -16.91451  9.270  0.86  0.76
 594 20140903 214140.089 64.68311 -17.03570 11.353  2.28  2.15
 595 20140903 214259.634 65.12190 -16.36341  8.553  0.89  0.64
 596 20140903 214856.280 65.09977 -16.39312 10.890  0.82  0.73
 597 20140903 215937.735 64.67893 -17.56412  8.336  1.26  1.11
 598 20140903 220046.519 64.78366 -16.90636  8.355  0.62  0.53
 599 20140903 220403.772 64.86045 -16.84811 12.617  0.72  0.65
 600 20140903 221554.548 64.62005 -17.45017  7.030  1.57  1.12
 601 20140903 222207.236 64.81504 -16.89601  9.747  0.73  0.50
 602 20140903 222845.349 65.12670 -16.36162  5.307  0.95  0.84
 603 20140903 223752.084 65.12332 -16.36032 10.146  0.83  0.65
 604 20140903 223811.482 64.79577 -16.88239  6.444  1.06  0.95
 605 20140903 223822.541 66.50031 -18.82151  8.538  1.52  1.81
 606 20140903 223847.998 64.79185 -16.90747  8.431  1.06  0.70
 607 20140903 224435.510 64.84232 -16.87875 11.118  1.42  1.41
 608 20140903 224741.104 65.11201 -16.38540  8.109  1.10  1.20
 609 20140903 225305.702 64.80717 -16.91961  9.278  2.52  2.15
 610 20140903 225343.011 65.12119 -16.36242  6.786  1.23  1.66
 611 20140903 230828.721 65.07280 -16.53998  2.500  0.96  0.94
 612 20140903 230918.536 64.78832 -16.91925  9.980  0.90  0.91
 613 20140903 231016.807 64.84505 -16.86418  6.403  1.43  0.59
 614 20140903 232314.405 64.79903 -16.91243 11.353  1.97  1.31
 615 20140903 232610.623 64.67981 -17.50033  8.317  1.65  1.52
 616 20140903 233228.140 64.76089 -17.82120  2.732  1.25  1.00
 617 20140903 233355.011 64.71212 -17.75030  2.340  1.61  1.60
 618 20140904 000555.833 64.79405 -16.89583  8.758  0.72  0.36
 619 20140904 000626.775 65.04047 -16.58750  3.228  0.95  0.78
 620 20140904 001535.138 65.12411 -16.36310  6.607  0.75  0.49
 621 20140904 003747.160 64.84211 -16.86526  8.692  0.97  1.02
 622 20140904 003815.249 65.07050 -16.53551  2.911  1.38  1.48
 623 20140904 004423.972 65.13367 -16.33150  3.365  1.70  1.57
 624 20140904 005319.657 64.79758 -16.92220  9.362  1.32  1.06
 625 20140904 010617.501 65.13274 -16.33246  4.131  1.83  1.67
 626 20140904 010802.589 64.66650 -17.59940  6.440  1.25  1.09
 627 20140904 010939.759 64.86831 -16.85941  8.798  1.11  1.31
 628 20140904 011250.464 64.79303 -16.90333  7.969  1.50  0.74
 629 20140904 012806.420 64.79574 -16.88437  1.610  0.58  0.45
 630 20140904 012912.981 64.78388 -16.91849  6.277  1.04  1.06
 631 20140904 014109.776 64.06418 -21.20309  5.193  2.19  1.72
 632 20140904 014604.198 64.83236 -16.87238  7.835  0.88  0.67
 633 20140904 014625.851 64.82347 -16.88651  8.290  1.66  1.02
 634 20140904 015203.186 64.78798 -16.89378  7.406  0.53  0.35
 635 20140904 015604.352 64.68275 -17.52211  6.219  1.38  0.99
 636 20140904 020132.339 64.82092 -16.89524  7.895  0.89  0.84
 637 20140904 020609.407 64.84157 -16.89800  1.344  0.83  0.43
 638 20140904 020633.450 64.83109 -16.89648  9.940  1.87  1.32
 639 20140904 021005.785 64.66092 -17.55353  1.348  1.05  1.04
 640 20140904 021150.576 64.67142 -17.46072  5.298  2.20  2.02
 641 20140904 021438.554 64.78073 -16.90157  4.516  0.45  0.37
 642 20140904 022154.078 64.84525 -16.86413  8.986  0.93  0.63
 643 20140904 023322.314 65.22685 -16.36967 13.831  1.22  1.32
 644 20140904 023853.514 65.23663 -16.34084  4.126  0.82  0.71
 645 20140904 024537.862 65.23322 -16.35990  4.472  0.92  1.03
 646 20140904 025157.040 64.68338 -17.02248 10.935  0.76  0.72
 647 20140904 025301.360 63.67072 -19.13062  3.829  1.64  1.44
 648 20140904 025952.464 64.82154 -16.89206  9.179  1.07  0.95
 649 20140904 030116.975 64.81215 -16.90217  8.006  1.24  0.87
 650 20140904 030818.050 64.79350 -16.89647  7.829  0.79  0.90
 651 20140904 031147.368 65.22861 -16.36940 14.629  1.26  1.27
 652 20140904 031203.439 64.85527 -16.84618 11.845  0.91  0.67
 653 20140904 031414.518 65.22364 -16.37641 14.166  1.10  0.95
 654 20140904 031723.799 65.23440 -16.36298  4.761  1.91  1.44
 655 20140904 032035.882 65.12347 -16.35678  7.783  0.66  0.39
 656 20140904 032101.028 64.98508 -16.67729  6.523  1.05  0.65
 657 20140904 032249.932 65.22900 -16.38228  7.160  1.03  0.78
 658 20140904 032307.568 64.79873 -16.92772  9.102  1.69  1.65
 659 20140904 032346.406 64.78394 -16.89317  1.144  0.47  0.29
 660 20140904 032844.825 64.84801 -16.88085  7.888  1.38  1.39
 661 20140904 034324.868 64.85941 -16.84917  8.534  0.97  0.80
 662 20140904 034447.601 64.67565 -17.47441  7.975  4.78  3.09
 663 20140904 034725.604 65.14493 -16.34897  2.392  1.02  1.16
 664 20140904 034740.045 64.68240 -17.40954  8.799  1.84  1.65
 665 20140904 035406.405 65.23274 -16.36102  3.327  0.97  0.94
 666 20140904 035532.093 64.79026 -16.92806 12.461  1.03  0.83
 667 20140904 035558.441 64.83514 -16.87581  7.970  1.14  0.76
 668 20140904 040043.034 64.85909 -16.85429  7.929  0.58  0.33
 669 20140904 040347.743 64.83559 -16.87569  8.121  1.00  0.94
 670 20140904 040405.235 65.63987 -16.88832  3.674  0.07 -0.40
 671 20140904 041349.584 64.84222 -16.86674  8.139  0.84  0.83
 672 20140904 041441.833 64.80460 -16.91665  8.984  1.00  0.65
 673 20140904 041514.568 65.08336 -16.53789  1.737  1.00  0.85
 674 20140904 042145.007 64.60302 -17.41603 14.796  0.62  0.34
 675 20140904 043108.986 64.78825 -16.91799  9.834  1.92  1.94
 676 20140904 043805.063 65.11797 -16.34029 14.937  0.88  0.68
 677 20140904 045159.900 65.11456 -16.37519  5.378  1.20  1.22
 678 20140904 045410.330 64.68385 -17.47927  7.134  2.07  1.42
 679 20140904 050039.033 64.85114 -16.87017  8.393  1.96  1.30
 680 20140904 050230.158 64.85673 -16.85488  8.859  2.39  1.96
 681 20140904 051107.188 65.11164 -16.38650  2.996  0.53  0.44
 682 20140904 051317.385 64.79658 -16.91475  9.363  1.11  0.88
 683 20140904 051358.995 65.13096 -16.32624  5.777  0.93  1.06
 684 20140904 052635.179 64.79555 -16.89157  6.928  0.90  0.65
 685 20140904 053213.300 64.81833 -16.89910  8.683  0.64  0.45
 686 20140904 053228.762 64.72594 -16.73454 11.857  1.12  1.07
 687 20140904 053611.600 64.85908 -16.86084  8.214  1.56  1.52
 688 20140904 053726.035 64.85847 -16.85176  9.924  0.92  0.97
 689 20140904 061223.849 65.12399 -16.32554  9.667  1.07  1.03
 690 20140904 061533.299 65.23401 -16.36450  8.300  0.81  0.87
 691 20140904 061738.660 64.67200 -17.38325  7.284  1.59  1.41
 692 20140904 061802.721 64.67608 -17.41850  9.020  4.34  3.05
 693 20140904 062504.700 65.10056 -16.44352  6.309  0.67  0.66
 694 20140904 062528.666 65.14740 -16.30320  4.443  1.60  1.45
 695 20140904 064027.529 64.79239 -16.90374  6.448  0.84  0.67
 696 20140904 071459.237 64.79231 -16.90682  7.260  0.82  0.56
 697 20140904 071945.366 63.54472 -19.10450  0.144  0.91  0.72
 698 20140904 073234.373 65.03138 -16.52596  3.695  0.80  0.60
 699 20140904 073312.285 65.04418 -16.50697  3.770  1.27  0.87
 700 20140904 074025.115 64.66759 -17.38795  2.128  1.56  1.29
 701 20140904 074647.164 65.06940 -16.53679  2.896  1.34  1.48
 702 20140904 075351.881 64.87909 -16.83665  3.635  0.85  1.31
 703 20140904 075445.733 65.16658 -16.41921  7.279  1.79  1.61
 704 20140904 080332.547 64.79096 -16.90543  7.813  0.74  0.70
 705 20140904 080654.617 64.66466 -17.61193  4.986  2.24  1.80
 706 20140904 082910.128 64.66998 -17.62144  4.939  1.57  1.36
 707 20140904 083834.979 64.80526 -16.92585  9.140  1.45  1.20
 708 20140904 084015.315 64.80968 -16.90249  8.222  0.75  0.50
 709 20140904 084422.238 65.14132 -16.30818  4.400  1.44  1.51
 710 20140904 084439.552 64.62764 -17.50630  5.369  3.97  2.70
 711 20140904 084608.901 64.79206 -16.89740  7.358  0.75  0.53
 712 20140904 085524.631 65.07537 -16.51430  9.064  1.08  0.73
 713 20140904 085939.122 64.65259 -17.61938  7.872  1.29  1.22
 714 20140904 090139.236 65.14222 -16.31380  3.254  1.20  1.30
 715 20140904 090536.976 64.79435 -16.90588  8.802  0.94  0.83
 716 20140904 090656.662 64.60736 -17.55443  0.135  1.16  0.79
 717 20140904 095030.357 63.65914 -19.11043  0.176  2.95  3.23
 718 20140904 101550.831 65.14732 -16.30329  3.669  1.60  1.81
 719 20140904 101647.042 65.14812 -16.29986  1.352  1.72  1.41
 720 20140904 101955.109 64.61005 -17.51702  6.605  2.18  1.91
 721 20140904 102432.774 63.65625 -19.08862  0.135  1.26  0.47
 722 20140904 102859.802 64.66992 -17.45631  4.601  4.44  3.14
 723 20140904 103018.741 65.11048 -16.38247  7.094  1.52  1.55
 724 20140904 103215.609 65.14548 -16.30170  1.738  0.93  1.01
 725 20140904 103306.348 65.04061 -16.60022  5.541  1.31  0.58
 726 20140904 103633.605 64.81682 -16.90975  8.305  2.09  1.59
 727 20140904 104031.779 63.64303 -19.10458  0.135  2.24  2.06
 728 20140904 104144.060 64.61194 -17.50974  7.210  1.64  1.04
 729 20140904 104223.181 63.64419 -19.11016  0.135  1.97  1.53
 730 20140904 104902.090 65.14658 -16.30313  0.511  2.10  2.24
 731 20140904 105249.354 65.14189 -16.31780  4.418  2.12  2.14
 732 20140904 105345.748 65.14626 -16.30820  4.039  2.27  2.35
 733 20140904 110247.010 65.14114 -16.31922  4.066  2.31  2.13
 734 20140904 110326.081 65.13280 -16.33001  7.822  1.94  1.84
 735 20140904 110708.314 63.63504 -19.05338  0.135  1.60  1.22
 736 20140904 111301.572 65.13966 -16.31959  4.689  1.12  1.20
 737 20140904 112648.844 64.85014 -16.86724 10.789  1.64  1.09
 738 20140904 113437.420 64.79142 -16.90971  8.450  0.88  0.74
 739 20140904 121457.792 64.63056 -17.50616  4.883  2.31  2.00
 740 20140904 122511.356 64.79842 -16.91793  8.906  2.00  1.47
 741 20140904 123956.786 64.85793 -16.85175  7.011  1.36  1.24
 742 20140904 131520.603 63.63957 -19.15471  0.135  1.01  0.65
 743 20140904 131604.681 63.64354 -19.14164  0.135  1.88  1.33
 744 20140904 131915.193 63.64587 -19.14673  0.135  1.84  1.49
 745 20140904 132146.166 64.84404 -16.87645  9.091  1.28  1.32
 746 20140904 132756.736 64.79113 -16.90495  7.396  1.23  0.85
 747 20140904 133133.596 64.68905 -17.60579  7.561  1.39  1.32
 748 20140904 133717.541 64.62048 -17.52115  1.481  1.36  0.68
 749 20140904 134630.898 63.66709 -19.16479  3.434  0.56  0.34
 750 20140904 134848.229 64.62048 -17.52754  4.577  1.73  1.14
 751 20140904 135136.770 64.82430 -16.87848  7.643  1.36  0.83
 752 20140904 135313.266 64.68647 -17.46854  7.525  1.18  1.18
 753 20140904 135849.039 64.81973 -16.90547  8.715  1.76  1.44
 754 20140904 140050.957 64.79251 -16.89442  8.247  0.81  0.60
 755 20140904 140137.092 65.03284 -16.59380  2.317  0.74  0.75
 756 20140904 140651.801 64.79180 -16.89958  9.643  1.28  1.20
 757 20140904 140710.450 64.86439 -16.84598  9.760  0.86  0.88
 758 20140904 142611.703 64.79092 -16.90490  6.565  1.11  0.81
 759 20140904 142705.827 65.09114 -16.53248  1.520  0.96  0.86
 760 20140904 142957.691 64.82911 -16.88062  7.836  0.90  0.77
 761 20140904 143252.980 64.79714 -16.91988  9.957  1.09  0.83
 762 20140904 143730.570 64.93300 -16.79172  5.288  1.67  0.87
 763 20140904 143731.945 65.08408 -16.54127  3.011  1.46  0.90
 764 20140904 143822.077 64.68382 -17.04540 12.331  1.13  0.90
 765 20140904 144522.383 64.86268 -16.84880 11.642  1.00  0.90
 766 20140904 144640.694 64.80548 -16.90481  7.900  0.69  0.38
 767 20140904 144818.695 64.67680 -17.43593  1.938  0.85  0.82
 768 20140904 144848.764 64.86967 -16.85163 12.044  1.07  0.90
 769 20140904 145921.967 64.78609 -16.94011 16.241  0.84  0.51
 770 20140904 150720.866 65.06767 -16.79016 10.568  1.53  0.65
 771 20140904 152503.704 64.68011 -17.46374  7.035  2.70  2.86
 772 20140904 153826.929 64.80225 -16.91781  8.972  0.83  0.65
 773 20140904 155749.110 64.83961 -16.88536  7.816  1.16  0.79
 774 20140904 160233.899 64.83968 -16.87773  5.164  1.59  1.10
 775 20140904 161202.746 64.86108 -16.85849 11.626  1.33  1.35
 776 20140904 161643.800 64.79707 -16.90526  9.837  0.85  0.55
 777 20140904 161729.799 64.66159 -17.52426  7.226  1.59  1.29
 778 20140904 161945.569 64.79800 -16.91420  8.880  1.02  0.77
 779 20140904 163431.420 64.99925 -16.68323  1.834  1.28  1.17
 780 20140904 164536.845 64.83418 -16.89842  7.738  1.21  1.09
 781 20140904 165038.743 65.10406 -16.39368  7.297  1.06  1.10
 782 20140904 165346.969 64.80402 -16.91195  9.117  0.92  0.39
 783 20140904 165526.203 64.84780 -16.88566  9.995  1.08  0.94
 784 20140904 171638.268 64.98314 -16.68643  5.754  0.95  0.63
 785 20140904 172411.821 66.26916 -18.49791  6.959  1.80  1.96
 786 20140904 175338.445 65.12813 -16.34348 11.200  1.02  0.91
 787 20140904 175402.734 65.08740 -16.41693 12.440  1.05  1.24
 788 20140904 175500.627 65.07374 -16.43442 14.012  0.73  0.90
 789 20140904 175943.650 64.79182 -16.90075  8.561  0.99  0.95
 790 20140904 180150.284 64.79791 -16.91285  8.239  0.92  0.74
 791 20140904 181720.655 63.94460 -19.29039  8.106  1.63  1.16
 792 20140904 182009.862 63.66040 -19.04889  1.144  0.43  0.45
 793 20140904 182935.018 65.08692 -16.53537  2.191  1.50  1.57
 794 20140904 183041.375 63.93357 -22.10034  6.120  0.97  0.77
 795 20140904 183520.445 65.09921 -16.42672  1.929  0.68  0.60
 796 20140904 183555.861 64.87176 -16.85739  5.899  1.64  2.03
 797 20140904 184100.385 64.78017 -16.89849  9.448  0.99  0.95
 798 20140904 185856.540 64.79989 -16.92619  8.143  1.50  1.30
 799 20140904 191359.129 65.12591 -16.33059  9.814  0.81  1.08
 800 20140904 191446.087 65.10591 -16.40070  5.078  1.34  1.00
 801 20140904 192153.220 64.66891 -17.45859  0.135  2.10  1.99
 802 20140905 000124.203 64.78871 -16.90225  8.023  1.09  0.87
 803 20140905 000631.703 65.12324 -16.36018 17.378  0.76  1.06
 804 20140905 001119.868 65.15204 -16.29138  7.352  0.54  0.73
 805 20140905 001744.337 65.04008 -16.49374  4.110  2.18  2.05
 806 20140905 001927.490 64.65015 -17.63712  6.776  1.13  0.99
 807 20140905 002315.839 64.86272 -16.84122  1.144  0.50  0.89
 808 20140905 002421.997 65.13739 -16.31194 14.091  1.16  1.28
 809 20140905 002818.847 65.14443 -16.30724  9.509  0.94  0.94
 810 20140905 002921.229 66.21998 -18.26012  9.585  0.91  1.24
 811 20140905 003035.476 65.14790 -16.31471  3.186  1.54  1.24
 812 20140905 003253.243 65.13670 -16.31049 13.260  0.72  0.94
 813 20140905 003614.865 64.66544 -17.55672 10.708  1.05  1.03
 814 20140905 003725.262 65.04311 -16.49213  2.414  1.42  1.52
 815 20140905 004044.820 65.01701 -16.52726  6.398  0.83  0.57
 816 20140905 004554.568 65.03149 -16.49140  2.163  0.90  1.28
 817 20140905 004844.761 65.04438 -16.47735  2.438  1.02  0.94
 818 20140905 005701.349 65.10994 -16.39194  5.127  1.68  1.36
 819 20140905 005759.487 65.03846 -16.48072  3.167  1.80  1.58
 820 20140905 005924.083 65.04350 -16.48034  2.114  1.01  0.82
 821 20140905 010629.188 65.06730 -16.38310 20.956  0.76  0.64
 822 20140905 011232.190 65.03361 -16.58105  4.554  1.01  1.12
 823 20140905 011336.469 64.78821 -16.90498  7.625  0.75  0.34
 824 20140905 011935.811 64.66293 -17.41196  5.903  5.31  3.89
 825 20140905 012554.339 64.65430 -17.55531  6.644  2.00  1.68
 826 20140905 012627.413 65.05063 -16.48469  3.572  3.80  1.47
 827 20140905 013255.643 64.79217 -16.89696 11.782  1.08  0.68
 828 20140905 013720.630 65.15018 -16.29384  4.856  1.63  1.40
 829 20140905 014328.305 65.15327 -16.29595  4.515  0.76  1.01
 830 20140905 014345.111 64.85640 -16.86630  8.349  1.19  0.91
 831 20140905 014932.966 64.79340 -16.90339  8.286  1.10  0.57
 832 20140905 014955.763 65.13834 -16.31823  2.356  1.08  1.02
 833 20140905 015109.940 64.89148 -16.86055 12.346  1.14  0.84
 834 20140905 015150.236 64.84744 -16.85344  1.144  1.10  1.00
 835 20140905 020059.967 64.83729 -16.87559  8.377  1.33  1.37
 836 20140905 020127.269 64.79693 -16.91035  9.481  1.37  1.09
 837 20140905 020204.499 64.83078 -16.87834  7.990  1.09  1.31
 838 20140905 021151.105 65.10452 -16.40014  4.488  2.28  2.14
 839 20140905 021840.072 64.85565 -16.86686  9.419  1.49  1.09
 840 20140905 022128.628 65.04021 -16.50330  4.869  1.58  1.56
 841 20140905 060908.734 64.80783 -16.92226  8.121  0.97  0.84
 842 20140905 062100.842 64.79373 -16.91857  9.156  1.65  1.50
 843 20140905 062740.256 64.78937 -16.90365  8.274  0.92  0.76
 844 20140905 062827.338 64.79506 -16.89429  9.069  0.79  0.80
 845 20140905 063735.453 65.07211 -16.53131  1.271  0.59  0.48
 846 20140905 064734.874 65.06964 -16.53755  2.728  2.00  1.71
 847 20140905 064923.467 64.67365 -17.46662  7.777  1.86  1.62
 848 20140905 072322.225 64.81300 -16.90306  7.846  0.72  0.55
 849 20140905 074136.659 65.06242 -16.56274  4.494  0.84  0.82
 850 20140905 074500.348 65.07748 -16.53767  3.330  1.77  1.73
 851 20140905 091458.448 64.79259 -16.90180  8.482  1.14  1.12
 852 20140905 092027.330 64.85890 -16.83761  8.795  1.05  0.90
 853 20140905 092243.691 64.66704 -17.61797  7.235  0.84  0.69
 854 20140905 093117.891 64.79066 -16.90026  8.929  2.01  1.52
 855 20140905 093917.004 64.79536 -16.92019 11.605  1.36  0.82
 856 20140905 093955.800 65.12096 -16.36210  4.047  0.55  0.44
 857 20140905 094926.288 65.11969 -16.36425  5.047  1.03  0.88
 858 20140905 095710.618 64.79300 -16.90770  8.660  1.10  0.84
 859 20140905 100116.078 64.75739 -17.78783 11.303  1.48  0.68
 860 20140905 100543.069 64.81838 -16.91712  8.139  0.92  0.50
 861 20140905 101036.128 65.05950 -16.53885  2.826  0.96  0.68
 862 20140905 102302.735 64.78780 -16.89722  7.104  0.51  0.54
 863 20140905 103416.121 64.82479 -16.87236  8.935  1.26  0.86
 864 20140905 105222.834 64.66530 -17.61579  5.320  1.13  1.17
 865 20140905 105808.715 63.54934 -19.11095  0.135  0.48  0.49
 866 20140905 105942.600 64.79449 -16.90403  8.510  1.32  0.80
 867 20140905 110623.440 64.73534 -17.51583  7.857  0.97  0.99
 868 20140905 110737.899 65.15073 -16.28759  3.892  0.59  0.47
 869 20140905 111533.929 64.79300 -16.89183  8.355  0.93  0.74
 870 20140905 111723.965 66.24854 -16.67818  6.100  0.68  1.12
 871 20140905 112000.428 64.78860 -16.90576  7.097  0.69  0.58
 872 20140905 112020.371 64.79430 -16.89466  8.924  1.05  0.97
 873 20140905 112236.969 64.79327 -16.90592  8.315  0.99  0.72
 874 20140905 112603.235 65.12040 -16.36621  6.291  1.25  1.21
 875 20140905 114155.306 64.78623 -16.90601  7.199  0.58  0.51
 876 20140905 115231.477 64.79514 -16.89208  9.218  0.82  0.66
 877 20140905 115707.984 65.07082 -16.45168 11.689  0.75  0.39
 878 20140905 120345.905 64.68286 -17.53560  7.860  1.64  1.10
 879 20140905 120415.001 64.79335 -16.90015  7.053  1.20  0.79
 880 20140905 120437.422 66.22182 -18.26920  9.734  1.09  1.19
 881 20140905 120524.345 64.79160 -16.90496  8.738  1.59  1.59
 882 20140905 121727.553 64.65568 -17.58101  5.713  1.43  1.01
 883 20140905 122317.573 64.82771 -16.88019  9.184  0.73  0.62
 884 20140905 122920.447 65.11501 -16.38148  6.717  0.74  0.95
 885 20140905 123611.949 65.11337 -16.33825 11.938  0.62  0.80
 886 20140905 123802.729 64.79589 -16.88917  7.198  0.74  0.62
 887 20140905 125341.611 65.11652 -16.38657  8.038  0.60  0.43
 888 20140905 130519.449 64.78863 -16.90657  7.128  0.72  0.59
 889 20140905 131157.196 64.71622 -16.93327  5.428  0.43  0.57
 890 20140905 131309.095 64.66088 -17.56751  6.447  1.54  1.23
 891 20140905 131419.432 64.79472 -16.89880  7.745  1.35  1.17
 892 20140905 131459.954 64.80091 -16.89875  7.127  0.90  0.66
 893 20140905 131917.045 64.84465 -16.86262  6.772  0.89  0.88
 894 20140905 133102.959 64.64857 -17.59840  6.811  1.65  1.24
 895 20140905 133254.781 64.84327 -16.86058  8.105  1.44  0.89
 896 20140905 134824.558 64.78625 -16.90864  8.304  0.78  0.96
 897 20140905 135217.047 64.85580 -16.84856  6.417  1.50  1.22
 898 20140905 135514.111 64.81095 -16.91227 10.038  0.62  0.48
 899 20140905 140145.550 64.66941 -17.49038  8.163  2.10  1.89
 900 20140905 140243.721 64.78598 -16.91669 10.620  1.02  0.64
 901 20140905 140313.804 64.79144 -16.89349  1.144  0.84  0.72
 902 20140905 140413.403 64.85395 -16.85030  8.401  1.22  1.25
 903 20140905 143144.955 64.78516 -16.90898  7.220  2.85  2.68
 904 20140905 143249.437 64.79465 -16.90182  8.181  1.63  1.16
 905 20140905 144704.404 64.79024 -16.91060 10.237  0.80  0.65
 906 20140905 144926.319 64.85085 -16.86942  4.352  0.99  0.87
 907 20140905 145029.578 63.96366 -19.35881  4.293  2.29  2.10
 908 20140905 153011.648 64.79779 -16.89275  8.296  1.03  0.78
 909 20140905 153645.262 65.08066 -16.43824 11.243  1.08  1.32
 910 20140905 153648.579 64.80869 -16.90440  5.025  2.09  1.69
 911 20140905 155713.892 64.84595 -16.85921 10.016  1.10  1.12
 912 20140905 160213.649 64.84219 -16.85321 11.193  1.02  0.89
 913 20140905 160735.330 64.86061 -16.84593 11.011  0.96  0.75
 914 20140905 162507.736 64.78963 -16.89951  7.926  1.04  0.81
 915 20140905 162629.569 64.79455 -16.90497  7.923  0.92  0.75
 916 20140905 162943.442 64.86031 -16.84776  9.017  0.76  0.73
 917 20140905 163826.863 64.79321 -16.90139  8.153  0.83  0.68
 918 20140905 165003.850 64.86077 -16.86436  8.279  1.11  1.07
 919 20140905 165112.721 64.82582 -16.87022  9.265  0.99  0.90
 920 20140905 174100.826 64.79183 -16.89197  8.084  0.95  0.86
 921 20140905 174934.138 64.79174 -16.89005  8.294  0.83  0.68
 922 20140905 180708.153 64.79395 -16.89245  8.060  0.83  0.72
 923 20140905 183946.409 64.79529 -16.90269  8.015  0.75  0.55
 924 20140905 190304.617 65.07670 -16.54425  4.043  0.97  0.85
 925 20140905 190608.237 64.79166 -16.90300  7.928  0.83  0.60
 926 20140905 191822.547 64.61782 -17.48210  7.242  1.94  1.56
 927 20140905 192438.773 64.86567 -16.85324 11.133  1.37  1.13
 928 20140905 192524.170 64.82756 -16.87131  7.909  0.95  0.95
 929 20140905 193753.635 64.82813 -16.88207  8.746  1.47  1.20
 930 20140905 194852.733 64.79464 -16.89202  9.197  1.07  0.84
 931 20140905 202358.782 64.82252 -16.89077  8.594  0.90  0.85
 932 20140905 203117.274 64.60976 -17.55222  1.936  2.54  2.07
 933 20140905 210925.752 64.86014 -16.86440  4.857  1.03  0.80
 934 20140905 212230.578 65.17164 -16.39515  5.766  1.00  1.08
 935 20140905 214358.050 64.82772 -16.88414  8.589  1.08  1.25
 936 20140905 215202.001 63.63492 -19.26387  4.414  0.32  0.52
 937 20140905 220308.180 65.08871 -16.24610  7.071  0.74  0.83
 938 20140905 220837.189 66.22552 -18.27165  3.186  1.12  1.40
 939 20140905 221842.245 64.68015 -17.53551  7.647  2.26  2.12
 940 20140905 222403.760 64.64516 -17.48364  1.046  1.69  1.89
 941 20140905 223004.303 64.80177 -16.90943 10.855  1.28  1.02
 942 20140905 232044.827 63.66357 -19.13345  0.135  1.35  0.52
 943 20140905 232558.794 63.65226 -19.12982  0.135  1.21  0.74
 944 20140905 232647.206 63.65958 -19.11692  0.135  1.26  0.93
 945 20140905 233751.337 65.07505 -16.49632  6.078  0.61  0.71
 946 20140905 233932.525 64.79408 -16.90627  6.809  0.68  0.54
 947 20140905 234548.331 64.67108 -17.47766  4.688  2.72  3.03
 948 20140905 234802.195 64.67966 -17.43997  7.819  1.86  1.71
 949 20140905 235234.362 64.65797 -17.55651  8.306  2.11  2.02
 950 20140906 001511.945 64.79617 -16.89238  7.862  0.88  0.77
 951 20140906 003017.862 64.78615 -16.92710  8.701  1.30  0.84
 952 20140906 003929.696 64.61615 -17.47391 11.239  2.53  2.65
 953 20140906 004146.915 64.61287 -17.48161  4.734  2.08  1.97
 954 20140906 004714.510 64.78728 -16.90277  6.894  0.87  0.63
 955 20140906 004919.937 64.79439 -16.88994  7.964  1.07  0.79
 956 20140906 010120.788 64.79587 -16.90318  8.480  1.72  1.10
 957 20140906 011008.650 63.55469 -19.11495  0.135  0.15  0.06
 958 20140906 011456.852 64.78704 -16.90556  7.085  0.94  0.80
 959 20140906 011604.241 64.67990 -17.42088  7.059  1.78  1.38
 960 20140906 011802.422 64.79472 -16.89461  9.482  1.08  0.93
 961 20140906 012303.157 65.08819 -16.53733  3.561  1.16  1.09
 962 20140906 012642.549 65.07351 -16.55296  4.658  0.97  0.97
 963 20140906 012711.589 64.79896 -16.90006 14.464  1.07  0.76
 964 20140906 013406.608 64.68532 -17.61791  3.617  0.65  0.75
 965 20140906 014308.015 64.66285 -17.55582  3.027  0.98  1.13
 966 20140906 020015.732 64.64284 -17.58444  6.513  1.83  1.34
 967 20140906 020038.463 64.79603 -16.89134  8.401  1.04  0.77
 968 20140906 020115.537 64.79316 -16.88994  8.349  0.99  0.72
 969 20140906 021554.588 64.78825 -16.90581  7.206  0.69  0.63
 970 20140906 021714.322 65.10581 -16.43678  7.559  1.11  0.94
 971 20140906 022004.423 64.62940 -17.51455  5.435  1.90  1.60
 972 20140906 022130.160 64.68342 -17.48894  6.045  1.62  1.45
 973 20140906 022736.774 64.80206 -16.90050  9.252  1.28  1.08
 974 20140906 022804.804 64.81020 -16.91277  8.957  1.26  0.97
 975 20140906 023540.773 64.79612 -16.89053  7.946  0.97  0.75
 976 20140906 024513.804 64.79387 -16.89958  8.620  0.91  0.75
 977 20140906 030955.722 64.80200 -16.91108 11.012  1.07  0.90
 978 20140906 031322.147 65.00155 -16.54950  6.132  0.71  0.58
 979 20140906 031816.239 66.55936 -17.68784 14.543  2.07  1.94
 980 20140906 033344.913 64.67429 -17.55590  9.056  1.69  1.30
 981 20140906 033434.391 64.64492 -17.59567  6.487  1.18  0.96
 982 20140906 034432.545 64.79292 -16.90686  7.853  1.47  0.87
 983 20140906 035129.340 64.79430 -16.90335  8.949  1.83  1.47
 984 20140906 040017.165 64.80250 -16.90086  9.364  1.11  0.96
 985 20140906 041541.836 64.80429 -16.90308  8.591  1.07  0.70
 986 20140906 041726.495 64.79340 -16.89452  8.546  0.49  0.57
 987 20140906 041758.710 64.62092 -17.52231  6.781  1.44  1.10
 988 20140906 043604.770 64.78999 -16.89410  9.360  0.68  0.54
 989 20140906 044527.780 64.78820 -16.89137  7.509  0.57  0.52
 990 20140906 045136.876 64.64063 -17.58837  4.255  1.15  1.16
 991 20140906 045303.732 64.62507 -17.45005  9.485  1.49  1.12
 992 20140906 050944.558 64.69931 -17.49946  8.418  1.13  1.00
 993 20140906 051003.116 65.14811 -16.34548  8.231  1.20  1.23
 994 20140906 051451.936 64.79068 -16.90849  8.604  1.23  1.08
 995 20140906 051705.486 64.60713 -17.49965  4.134  1.13  0.92
 996 20140906 052923.763 64.68644 -17.46180  5.498  0.82  0.58
 997 20140906 054050.559 64.67905 -17.40545  2.840  5.05  3.58
 998 20140906 055108.121 64.79546 -16.89258  9.134  1.30  1.13
 999 20140906 055501.929 64.79468 -16.90501  8.770  1.23  0.99
1000 20140906 055801.051 64.65137 -17.53745  9.380  1.33  0.96
1001 20140906 055829.017 65.10041 -16.43905  7.723  0.84  0.89
1002 20140906 060039.108 64.79012 -16.90091  9.173  2.11  1.60
1003 20140906 061203.405 64.79332 -16.90177  8.762  0.90  0.83
1004 20140906 061340.090 66.06076 -16.63551  5.158  1.03  1.04
1005 20140906 061903.415 64.79078 -16.90704  8.743  1.54  0.80
1006 20140906 062142.219 64.79337 -16.89174  7.673  1.00  0.64
1007 20140906 062312.022 65.08179 -16.46395  4.763  0.82  0.51
1008 20140906 063749.764 64.79282 -16.90397  7.776  0.69  0.65
1009 20140906 064020.609 64.79357 -16.90270  7.647  0.79  0.74
1010 20140906 065415.396 64.78404 -16.90197  7.862  0.78  0.54
1011 20140906 065434.676 64.79565 -16.89149  6.891  0.61  0.51
1012 20140906 065821.248 64.86257 -16.84570 12.710  0.53  0.45
1013 20140906 070108.394 64.65885 -17.55528  7.467  1.21  1.21
1014 20140906 072856.617 64.79501 -16.88835  8.839  0.67  0.63
1015 20140906 073227.151 64.79234 -16.90034  8.991  0.91  0.82
1016 20140906 073347.224 64.78806 -16.89865  9.322  0.74  0.60
1017 20140906 073833.704 64.79465 -16.90435  8.547  1.17  0.92
1018 20140906 073946.873 64.79680 -16.89162  8.792  1.15  1.06
1019 20140906 075419.618 64.52254 -17.61943  2.857  1.14  1.02
1020 20140906 075814.414 64.67204 -17.44681  8.311  1.73  1.52
1021 20140906 080706.076 64.78865 -16.89557  5.626  0.76  0.72
1022 20140906 081636.716 64.79333 -16.89637  8.015  0.86  0.68
1023 20140906 082138.428 64.79631 -16.89252  9.299  1.66  1.47
1024 20140906 083534.951 64.79191 -16.90389  6.411  0.79  0.71
1025 20140906 084808.787 65.13628 -16.81394  6.003  1.47  0.94
1026 20140906 085250.123 64.79607 -16.88933  8.497  1.19  0.75
1027 20140906 085811.919 64.79262 -16.89903  9.145  1.45  1.10
1028 20140906 090812.081 64.67979 -17.48556  4.829  1.20  0.95
1029 20140906 091211.366 64.79211 -16.90012  8.684  1.13  0.93
1030 20140906 092424.696 64.70689 -17.85066  3.496  1.82  1.50
1031 20140906 092458.090 63.70816 -23.26089 12.897  2.23  2.18
1032 20140906 092701.837 65.15178 -16.28525  4.228  0.99  1.10
1033 20140906 093015.892 64.78964 -16.89610  8.257  0.80  0.53
1034 20140906 093412.018 64.69002 -17.54496  8.207  1.26  0.98
1035 20140906 095048.185 64.78723 -16.90244  7.084  0.52  0.47
1036 20140906 095736.514 64.70304 -17.84586  3.672  2.81  2.64
1037 20140906 095900.100 64.79549 -16.88426  1.144  1.09  0.68
1038 20140906 100052.901 63.66370 -19.16564  0.270  0.47  0.36
1039 20140906 100946.985 64.79599 -16.89005  8.673  1.34  1.16
1040 20140906 101115.079 64.79372 -16.89611  9.088  1.54  1.26
1041 20140906 102444.942 64.73183 -17.50697  6.266  1.59  1.31
1042 20140906 103106.171 64.83584 -16.86787  8.034  0.70  0.64
1043 20140906 103413.321 64.79237 -16.90534  6.726  1.02  0.48
1044 20140906 110854.254 64.66293 -17.59750  1.686  1.33  0.93
1045 20140906 112936.963 64.78969 -16.91072 10.740  0.79  0.63
1046 20140906 113201.279 65.02205 -16.47324 21.810  1.02  0.21
1047 20140906 120716.772 64.66720 -17.46468  4.703  2.56  2.63
1048 20140906 121109.010 64.79774 -16.89028  8.744  1.54  1.24
1049 20140906 123604.533 65.10520 -16.43441  4.952  0.70  0.62
1050 20140906 123905.283 65.06998 -16.48679  5.599  0.79  0.78
1051 20140906 123931.748 65.14746 -16.29891  8.573  1.23  1.33
1052 20140906 124221.386 65.08963 -16.44588  7.612  0.70  0.65
1053 20140906 124339.862 64.79545 -16.89360  9.360  1.05  0.77
1054 20140906 130055.829 64.86049 -16.84649  8.694  2.08  1.81
1055 20140906 130344.161 65.14922 -16.29870  6.795  0.94  0.84
1056 20140906 132628.253 64.79420 -16.91018  7.486  0.58  0.50
1057 20140906 132800.355 64.68200 -17.45859  9.434  1.09  0.80
1058 20140906 133407.515 64.78671 -16.90647  7.761  0.51  0.66
1059 20140906 133659.484 64.86863 -16.86020 11.727  0.71  0.89
1060 20140906 133717.531 64.79324 -16.89047  7.057  0.73  0.73
1061 20140906 134249.864 64.79308 -16.90826  8.673  0.94  0.83
1062 20140906 135753.081 64.79492 -16.89152  6.678  1.12  0.93
1063 20140906 140110.201 64.66653 -17.50551  7.308  1.49  1.28
1064 20140906 141306.597 65.24506 -16.96694  3.983  1.71  1.42
1065 20140906 141843.977 65.14724 -16.30471  8.777  1.09  0.98
1066 20140906 142044.525 64.69893 -17.85212  3.370  1.60  1.21
1067 20140906 142310.008 64.79411 -16.90342  9.020  1.90  1.65
1068 20140906 143214.680 64.62173 -17.39863 11.578  4.39  3.14
1069 20140906 144757.725 65.24162 -16.97339  7.678  2.17  1.92
1070 20140906 145628.721 64.79053 -16.89852  7.405  0.67  0.43
1071 20140906 150147.626 64.79270 -16.90314  7.994  0.81  0.83
1072 20140906 151211.127 64.79613 -16.89101  8.950  0.85  0.77
1073 20140906 152051.762 66.25377 -16.66460  7.550  1.14  1.11
1074 20140906 152512.826 64.79544 -16.92515 10.984  0.72  0.58
1075 20140906 152532.521 64.79321 -16.89367  9.124  0.91  0.75
1076 20140906 153257.770 64.79979 -16.91401  8.807  1.04  0.78
1077 20140906 153458.224 64.85237 -16.85407  4.911  0.23  0.29
1078 20140906 154650.470 65.16814 -16.39670  2.297  0.70  0.89
1079 20140906 155446.887 64.78915 -16.90228  6.756  0.80  0.68
1080 20140906 155458.855 64.79182 -16.90089  8.002  0.90  0.68
1081 20140906 160109.820 64.83536 -16.86393  9.471  0.55  0.70
1082 20140906 184350.389 64.61638 -17.49229  6.558  4.24  2.85
1083 20140906 232055.936 63.63493 -19.10628  0.135  1.75  1.49
1084 20140906 232510.607 65.12167 -16.35846  5.854  1.25  0.58
1085 20140906 233139.997 64.63577 -17.58346  4.603  1.83  1.61
1086 20140906 235243.985 64.85709 -16.84783 10.198  1.40  1.34
1087 20140907 000221.517 65.11291 -16.37619  5.294  1.98  1.89
1088 20140907 000434.448 65.12321 -16.36749  3.187  0.82  0.58
1089 20140907 000857.965 64.79007 -16.90475  7.503  0.86  0.66
1090 20140907 001324.484 64.82334 -16.88539  6.513  1.37  1.13
1091 20140907 001824.975 65.11575 -16.37851  2.947  0.76  0.75
1092 20140907 002255.426 65.11736 -16.37469  4.388  1.02  0.50
1093 20140907 002326.266 65.11292 -16.37949  7.569  1.07  1.04
1094 20140907 002356.979 65.09543 -16.42688 12.202  2.35  2.11
1095 20140907 002548.428 65.11544 -16.37541  4.914  2.25  2.25
1096 20140907 003017.049 64.68102 -17.42552  7.149  1.38  0.99
1097 20140907 004054.446 65.12661 -16.35663  1.630  0.87  0.86
1098 20140907 004149.800 65.11426 -16.37340  5.688  1.30  1.18
1099 20140907 004503.702 64.61276 -17.47737  6.249  1.45  1.26
1100 20140907 004706.456 65.13176 -16.33742  8.179  1.14  1.36
1101 20140907 004841.815 65.10422 -16.38033 10.618  1.08  1.03
1102 20140907 010210.275 65.20807 -17.10716 16.674  1.92  1.48
1103 20140907 010253.537 63.61425 -19.05007  7.601  0.86  0.04
1104 20140907 010543.116 65.11588 -16.37504  6.858  0.96  1.00
1105 20140907 011112.516 64.80539 -16.90465  9.936  2.29  2.01
1106 20140907 011248.397 65.11399 -16.37727  5.564  1.30  1.26
1107 20140907 011814.766 64.62440 -17.37639  6.831  2.46  2.58
1108 20140907 011829.919 66.27087 -18.50140 10.337  1.90  2.25
1109 20140907 012009.538 64.62781 -17.35684  0.144  1.76  1.17
1110 20140907 013809.649 64.80191 -16.91076  7.802  0.86  0.64
1111 20140907 013922.577 64.79857 -16.91106  9.420  1.47  1.12
1112 20140907 014031.210 65.12136 -16.37080  4.486  1.44  0.88
1113 20140907 014203.565 64.78747 -16.90864  8.379  0.69  0.67
1114 20140907 015130.057 64.68808 -17.50660  7.966  1.20  1.64
1115 20140907 015807.504 64.84474 -16.86151  9.072  1.23  1.22
1116 20140907 020032.212 64.80126 -16.91800 11.862  1.35  1.11
1117 20140907 020115.064 64.64458 -17.60508  6.501  2.20  1.91
1118 20140907 022106.565 64.79478 -16.89377  8.273  0.82  0.76
1119 20140907 022630.065 65.06510 -16.48606  4.118  0.90  0.72
1120 20140907 022830.236 64.66268 -17.60857  3.738  1.24  0.66
1121 20140907 022933.566 65.11551 -16.37941  4.900  1.69  1.26
1122 20140907 023201.001 65.11755 -16.36926  7.530  1.01  0.77
1123 20140907 024010.679 64.62039 -17.55629  4.307  2.59  2.79
1124 20140907 025621.302 64.98769 -16.60377  7.844  0.57  0.17
1125 20140907 025954.863 64.80376 -16.91254  8.580  1.05  0.93
1126 20140907 030115.172 64.79092 -16.90452  8.078  0.89  0.51
1127 20140907 031203.212 64.62824 -17.35950  9.942  0.54  0.42
1128 20140907 032741.363 64.67240 -17.45131  7.583  4.55  3.22
1129 20140907 044213.705 65.09955 -16.40760  8.727  0.99  1.02
1130 20140907 044533.277 64.66768 -17.58223  7.549  1.05  0.87
1131 20140907 044645.890 64.69691 -16.88189 12.128  0.81  0.69
1132 20140907 044921.982 64.85091 -16.85710  8.547  0.52  0.22
1133 20140907 050548.915 64.68354 -17.61106  5.063  0.95  1.01
1134 20140907 050801.854 64.67023 -17.42141  8.755  2.12  2.09
1135 20140907 050858.201 64.67790 -17.42044  8.873  1.76  1.80
1136 20140907 051011.399 65.12206 -16.36947  6.258  1.06  0.75
1137 20140907 065150.448 65.14058 -16.30377  4.167  1.23  1.06
1138 20140907 070051.051 63.76167 -23.18312  7.393  1.62  1.56
1139 20140907 070157.323 64.79085 -16.88306  7.535  1.26  1.04
1140 20140907 070227.444 63.66682 -19.15143  0.135  1.24  0.88
1141 20140907 070317.641 64.75955 -16.93316  8.351  1.54  0.69
1142 20140907 070508.867 63.65942 -19.14764  0.135  1.54  1.38
1143 20140907 070756.902 64.61346 -17.47576  3.918  5.40  4.17
1144 20140907 071048.362 64.79013 -16.90051  8.812  1.87  1.58
1145 20140907 072450.090 64.82619 -16.88233  6.702  1.53  1.27
1146 20140907 073423.948 65.15331 -16.29309  8.392  1.52  1.60
1147 20140907 073518.830 64.62137 -17.51390  3.057  1.96  1.47
1148 20140907 073643.036 64.78617 -16.91734 10.427  0.93  0.76
1149 20140907 073743.817 65.13364 -16.33515  6.093  2.02  1.84
1150 20140907 073933.542 64.79630 -16.89617  9.563  1.51  1.28
1151 20140907 074235.854 64.65397 -17.53049  6.218  1.55  1.28
1152 20140907 075128.890 64.84691 -16.86114 11.058  1.01  0.76
1153 20140907 075256.940 64.78632 -16.91465  9.378  0.81  0.57
1154 20140907 080052.430 65.10109 -16.40572  5.733  1.24  1.15
1155 20140907 080428.063 64.82792 -16.87580  8.787  1.60  1.35
1156 20140907 080716.191 64.79427 -16.90159  8.672  1.15  0.99
1157 20140907 080921.416 65.14796 -16.29539  3.415  0.95  1.16
1158 20140907 081203.556 64.79322 -16.88982  8.635  0.60  0.54
1159 20140907 081530.218 64.82018 -16.88173  8.161  0.88  0.99
1160 20140907 082243.836 65.11295 -16.37618  3.693  0.98  0.52
1161 20140907 082312.182 64.66835 -17.39111  1.799  1.57  1.58
1162 20140907 085425.320 64.74527 -17.89727  0.990  2.53  2.28
1163 20140907 085516.391 64.79802 -16.89195  9.128  1.10  0.93
1164 20140907 090023.465 64.83400 -16.87087  8.188  1.15  1.03
1165 20140907 090908.418 64.78788 -16.88990  6.590  1.11  1.11
1166 20140907 092513.561 65.12132 -16.36250  4.486  1.63  1.68
1167 20140907 093207.476 64.83653 -16.86710  7.960  0.85  0.77
1168 20140907 093828.384 65.13238 -16.34147  1.144  0.64  0.61
1169 20140907 094811.712 65.13142 -16.31017  3.353  0.60  0.99
1170 20140907 095245.035 64.84975 -16.85271  7.870  0.69  0.53
1171 20140907 095751.096 64.79385 -16.90586  8.962  1.39  0.81
1172 20140907 095944.145 64.85451 -16.87425  8.900  0.63  0.41
1173 20140907 100108.587 64.82341 -16.87745  6.625  0.98  0.78
1174 20140907 100808.158 65.14980 -16.30312  1.966  1.09  1.27
1175 20140907 101940.776 64.83470 -16.88151  6.131  0.53  0.53
1176 20140907 102111.330 65.05113 -16.56842  3.586  0.93  0.62
1177 20140907 102522.580 65.04640 -16.56961  3.067  0.88  0.92
1178 20140907 103648.600 64.78564 -16.90865  7.392  0.90  1.00
1179 20140907 104853.971 64.85885 -16.84633  9.078  1.44  1.27
1180 20140907 105125.757 65.14879 -16.29065  0.456  0.76  0.70
1181 20140907 110306.269 64.86256 -16.84529 11.026  0.82  0.90
1182 20140907 110445.299 64.79466 -16.89138  7.867  0.60  0.47
1183 20140907 111035.714 63.66360 -19.12434  0.135  1.73  1.62
1184 20140907 111341.999 64.79778 -16.89297  8.676  0.95  0.85
1185 20140907 111847.275 63.57696 -19.23700  9.301  0.28 -0.34
1186 20140907 113404.562 64.66965 -17.41255  8.797  1.59  1.90
1187 20140907 114843.664 64.83495 -16.87097  7.703  1.12  1.10
1188 20140907 115043.927 64.79263 -16.89867  7.750  0.98  0.82
1189 20140907 115105.889 64.79117 -16.89587  8.004  0.68  0.62
1190 20140907 115124.090 65.08366 -16.43649  8.160  0.85  0.80
1191 20140907 115338.534 65.13771 -16.33719  2.404  0.68  0.56
1192 20140907 115414.002 65.13396 -16.34558  2.149  0.51  0.40
1193 20140907 115632.365 64.79405 -16.89504  9.043  1.06  0.99
1194 20140907 121218.517 65.09692 -16.35887 21.052  0.96  0.44
1195 20140907 121511.257 64.79194 -16.90351  7.454  1.28  0.65
1196 20140907 121631.790 64.79298 -16.90320  7.855  0.74  0.63
1197 20140907 121918.578 64.70187 -16.99295  8.777  0.81  0.70
1198 20140907 122320.668 64.85664 -16.84916  9.275  0.42  0.38
1199 20140907 122340.839 64.80587 -16.88880  1.144  0.75  0.83
1200 20140907 122530.239 64.79293 -16.88944  8.514  0.60  0.48
1201 20140907 125359.209 65.08050 -16.41707 14.331  1.07  0.62
1202 20140907 125942.593 65.03139 -16.52637  6.123  0.74  0.73
1203 20140907 131123.559 65.15563 -16.29110  2.353  1.22  0.99
1204 20140907 131618.958 65.16510 -16.39739  5.133  1.61  1.56
1205 20140907 131651.821 64.79276 -16.89011  8.159  0.82  0.73
1206 20140907 131850.006 65.11525 -16.37861  7.102  1.55  1.53
1207 20140907 132218.173 64.65816 -17.63307  5.694  1.05  0.96
1208 20140907 135136.704 65.10446 -16.45425  5.103  0.97  0.90
1209 20140907 135234.537 64.66512 -17.55413  6.655  1.14  1.01
1210 20140907 142557.644 64.82023 -16.89994  9.821  1.01  0.90
1211 20140907 142859.973 64.86147 -16.84699 10.697  1.10  0.58
1212 20140907 143035.044 64.79314 -16.90045  6.393  0.60  0.52
1213 20140907 144207.720 64.82288 -16.88470  8.048  1.17  1.19
1214 20140907 150409.760 66.28201 -16.68699  6.499  0.49  0.48
1215 20140907 150708.675 64.82363 -16.88261  8.039  1.08  1.13
1216 20140907 151140.236 64.80353 -16.90702  8.279  1.03  0.54
1217 20140907 151936.586 64.82755 -16.86906  5.817  0.80  0.53
1218 20140907 152643.857 64.78085 -16.90697  9.132  1.05  0.55
1219 20140907 152723.394 64.85163 -16.86231  8.863  0.81  0.81
1220 20140907 153211.684 64.79531 -16.89526  9.117  0.56  0.58
1221 20140907 154127.615 64.85522 -16.87236  4.071  1.65  0.93
1222 20140907 154445.122 64.78941 -16.90133  8.370  1.04  0.75
1223 20140907 154849.773 64.78675 -16.89984  6.517  0.74  0.78
1224 20140907 155532.629 64.78637 -16.90751  7.271  1.36  1.31
1225 20140907 160443.708 64.78882 -16.90947  7.571  0.82  0.73
1226 20140907 162029.231 64.83972 -16.86261 11.352  0.94  0.86
1227 20140907 162716.384 63.75831 -23.13706  9.575  1.43  1.24
1228 20140907 164043.333 63.86027 -19.75752  8.699  0.90  0.68
1229 20140907 165147.251 64.79460 -16.89933  6.393  1.94  1.24
1230 20140907 165448.642 64.78394 -17.93549  0.965  1.14  0.99
1231 20140907 165626.474 64.80161 -16.90887  8.867  0.64  0.71
1232 20140907 170127.937 64.79257 -16.90197  8.331  1.18  0.91
1233 20140907 170406.891 64.79090 -16.89622  7.376  1.26  0.60
1234 20140907 170623.389 64.79589 -16.89037  8.708  1.04  0.85
1235 20140907 171810.574 64.79981 -16.91472  9.803  1.18  0.79
1236 20140907 172809.519 64.69443 -17.41231  1.879  1.10  1.03
1237 20140907 173229.233 64.78934 -16.89961  7.815  0.85  0.61
1238 20140907 173558.889 64.84740 -16.84862  7.019  1.13  0.79
1239 20140907 180256.933 64.79749 -16.88606  7.861  0.78  0.58
1240 20140907 180544.701 64.78708 -16.90598  8.632  0.61  0.53
1241 20140907 180628.360 64.85884 -16.84886 11.644  1.20  1.11
1242 20140907 181603.155 64.63406 -17.40139  5.088  0.83  1.45
1243 20140907 183138.368 64.79311 -16.89078  7.976  0.64  0.59
1244 20140907 183202.660 64.83477 -16.86730  9.843  1.07  0.67
1245 20140907 183311.406 64.85085 -16.86199  8.754  0.85  0.74
1246 20140907 183334.318 64.70202 -17.00392 11.051  0.79  0.74
1247 20140907 183434.383 64.79436 -16.88753  8.939  1.02  0.69
1248 20140907 184136.384 64.84673 -16.85724 13.294  0.94  0.53
1249 20140907 184546.561 64.83161 -16.87492  9.001  1.23  1.18
1250 20140907 184627.317 64.83177 -16.87650  9.835  0.86  0.98
1251 20140907 185036.975 64.86248 -16.85063 11.851  0.61  0.54
1252 20140907 185227.488 64.84135 -16.88172  7.596  1.98  1.68
1253 20140907 185856.099 64.79446 -16.88816  9.690  0.52  0.51
1254 20140907 191720.998 64.84673 -16.84240  0.146  1.07  0.70
1255 20140907 192322.546 64.67437 -17.54002  3.851  1.04  0.90
1256 20140907 193042.579 64.79433 -16.90520  7.599  1.04  0.80
1257 20140907 193517.392 64.79536 -16.89361  9.214  0.66  0.65
1258 20140907 195559.258 64.76755 -15.92931 17.093  1.15  0.78
1259 20140907 200539.588 64.78203 -16.90774  7.046  0.81  0.79
1260 20140907 200829.865 64.80518 -16.90207  9.321  1.03  0.86
1261 20140907 201128.283 64.79978 -16.91024 10.873  0.82  0.65
1262 20140907 201626.530 65.14429 -16.29982  8.271  0.66  0.89
1263 20140907 203902.353 64.70171 -17.76562  8.020  1.38  0.56
1264 20140907 204446.678 64.80087 -16.90033  8.792  1.10  0.55
1265 20140907 204507.667 65.09741 -16.43773  5.188  1.43  1.41
1266 20140907 205856.674 64.78625 -16.88920  3.044  0.53  0.65
1267 20140907 205930.744 64.82860 -16.88286  7.160  0.82  0.75
1268 20140907 210558.746 64.79519 -16.88780  8.542  0.79  0.62
1269 20140907 211233.534 64.86604 -16.84149  8.137  0.92  0.87
1270 20140907 211431.202 64.82941 -16.86392 11.317  0.76  0.43
1271 20140907 211527.300 65.08846 -16.42479  5.714  1.23  1.21
1272 20140907 211634.835 65.10078 -16.41727  4.872  1.18  0.70
1273 20140907 211655.557 65.09889 -16.41728  5.373  0.80  0.73
1274 20140907 212141.181 64.79761 -16.90521 10.929  0.73  0.63
1275 20140907 212332.560 64.80216 -16.90480  9.628  2.13  1.93
1276 20140907 213322.762 64.60486 -17.68829 17.897  1.21  1.03
1277 20140907 214110.395 64.80782 -16.88979  0.135  0.47  0.49
1278 20140907 221547.458 64.79168 -16.89803  7.865  1.49  1.24
1279 20140907 222357.401 64.88212 -16.84651  8.794  0.52  0.80
1280 20140907 222427.232 65.19231 -16.28533  3.447  0.95  0.97
1281 20140907 222809.806 65.04082 -16.61187  4.604  0.88  0.80
1282 20140907 222951.035 65.11717 -16.36001 12.574  0.83  1.02
1283 20140907 223721.056 64.85715 -16.85157  9.063  1.32  1.28
1284 20140907 224259.982 63.99726 -20.31964  8.189  0.71  1.04
1285 20140907 224318.842 65.08327 -16.45140  2.704  1.31  0.66
1286 20140907 230435.261 64.65944 -17.38851  0.135  3.72  2.54
1287 20140907 231211.927 65.12020 -16.39194  1.517  1.41  1.10
1288 20140907 231717.403 64.80362 -16.92919 11.634  0.97  0.70
1289 20140907 233339.631 64.67187 -17.47407  4.378  1.22  1.42
1290 20140907 233808.144 65.16014 -16.35497 10.794  0.95  0.37
1291 20140907 234028.484 64.67287 -17.42473 14.427  0.39  0.24
1292 20140907 234219.201 64.72604 -17.44580  9.419  0.86  0.67
1293 20140907 234938.499 64.82578 -16.85186  8.675  0.53  0.49
