  Nr    Dags.    Timi      Breidd     Lengd   Dypi   M     ML
   1 20140915 001047.200 64.61259 -17.48845  2.864  3.58  2.41
   2 20140915 001405.383 64.61441 -17.47656  0.983  3.73  2.85
   3 20140915 002415.806 64.79458 -16.89182 11.880  1.06  0.97
   4 20140915 002825.855 65.11921 -16.37238  5.667  0.59  0.94
   5 20140915 003051.751 65.12346 -16.39269  8.685  0.96  0.88
   6 20140915 003133.448 63.64206 -19.34333  0.063  0.99  1.15
   7 20140915 003918.088 63.73262 -23.13523 10.587  2.02  2.04
   8 20140915 005006.245 64.79202 -16.90122  7.705  0.86  0.95
   9 20140915 010223.230 64.80532 -16.91736 12.347  1.14  0.90
  10 20140915 014311.704 64.66714 -17.53985  6.062  1.74  2.01
  11 20140915 021709.894 64.80117 -16.89815  6.580  1.29  1.15
  12 20140915 022732.300 64.62543 -17.54792  1.699  3.85  3.03
  13 20140915 023955.324 65.02369 -16.58768  5.057  1.58  1.38
  14 20140915 031238.842 64.78980 -16.92267 11.968  1.08  1.13
  15 20140915 040520.283 64.79949 -16.90518 11.978  1.84  1.41
  16 20140915 052846.377 66.23639 -18.36279  7.650  1.38  1.56
  17 20140915 054913.357 66.23608 -18.35181  9.908  0.91  1.11
  18 20140915 060811.791 65.06081 -16.30048  6.876  1.13  1.23
  19 20140915 062717.083 65.14211 -16.30682  9.080  1.27  1.33
  20 20140915 062755.501 64.71584 -17.68865  5.306  1.78  1.42
  21 20140915 063006.817 65.19747 -16.37070 14.502  0.76  0.84
  22 20140915 063839.578 65.04182 -16.58060  4.376  1.05  0.99
  23 20140915 064016.439 64.79647 -16.89278  8.802  0.87  0.80
  24 20140915 064908.005 64.66480 -17.47460  3.770  3.70  2.51
  25 20140915 065017.153 64.67197 -17.43438  2.809  2.92  1.94
  26 20140915 065430.119 65.11550 -16.36935  8.939  1.30  0.82
  27 20140915 070729.503 64.62434 -17.39696  6.763  1.89  1.50
  28 20140915 071021.419 64.86205 -16.84853 11.459  0.91  0.90
  29 20140915 073951.461 64.74196 -16.85483 11.986  0.94  0.92
  30 20140915 074421.778 65.04662 -16.57732  4.460  1.13  0.93
  31 20140915 075044.172 65.14113 -16.29781  9.211  0.96  1.25
  32 20140915 080218.127 64.84759 -16.85723  9.124  1.30  1.08
  33 20140915 080458.436 64.61172 -17.43507  0.135  5.36  4.17
  34 20140915 084811.242 65.17406 -16.27740  3.435  1.27  1.09
  35 20140915 090449.242 66.23396 -18.35270 11.602  1.26  1.33
  36 20140915 091953.713 64.78806 -16.89845  7.406  0.93  0.73
  37 20140915 092728.996 64.78587 -16.90027  6.185  0.61  0.74
  38 20140915 093122.067 65.04230 -16.53279  5.722  0.79  0.56
  39 20140915 093821.557 64.78722 -16.90390  6.731  1.12  0.59
  40 20140915 095936.825 65.02635 -16.58840  5.189  1.48  1.45
  41 20140915 105603.806 64.78490 -16.89951  7.395  0.68  0.75
  42 20140915 110757.852 64.86113 -16.85157 10.799  0.82  0.82
  43 20140915 115156.186 64.79910 -16.88739  8.574  1.28  0.92
  44 20140915 121223.093 64.84456 -16.84408  5.011  0.63  0.74
  45 20140915 123019.113 65.03852 -16.59604  4.897  0.68  0.52
  46 20140915 123036.907 65.02956 -16.60853  4.816  1.34  0.75
  47 20140915 130134.237 65.21340 -16.35581  9.162  0.89  1.12
  48 20140915 133020.140 65.03831 -16.58532  4.050  0.99  0.98
  49 20140915 135553.072 64.79366 -16.91380 10.117  1.90  1.85
  50 20140915 141039.169 66.28242 -18.56237 11.743  2.08  2.25
  51 20140915 141123.063 66.28536 -18.56873 11.235  1.46  1.56
  52 20140915 141546.886 65.11872 -16.37194  8.677  0.81  1.17
  53 20140915 141743.978 64.79326 -16.89926 10.401  1.17  0.76
  54 20140915 143321.369 66.28268 -18.56685 12.100  1.25  1.51
  55 20140915 143558.373 65.03202 -16.60595  4.638  1.12  0.79
  56 20140915 143640.922 65.03428 -16.59391  3.897  1.59  1.74
  57 20140915 150309.250 65.13913 -16.31569  9.144  0.75  0.90
  58 20140915 150621.358 64.82113 -16.88782  7.476  1.09  1.05
  59 20140915 151022.077 64.00558 -21.42730  5.412  0.40  1.11
  60 20140915 151132.534 64.82888 -16.90139  4.257  1.21  0.99
  61 20140915 151544.271 64.81556 -16.89039  9.335  0.89  0.89
  62 20140915 152325.432 64.85339 -16.85893  9.927  0.72  0.52
  63 20140915 152636.185 64.62003 -17.53195  3.934  1.45  1.21
  64 20140915 153256.864 66.23753 -18.36306  9.308  1.66  2.00
  65 20140915 153320.460 66.24116 -18.35507 11.017  1.12  1.23
  66 20140915 153404.581 66.23882 -18.35387 15.047  0.80  0.53
  67 20140915 153418.690 66.24273 -18.35775  8.566  1.49  1.70
  68 20140915 154252.947 66.23590 -18.35676 10.764  1.22  1.37
  69 20140915 160332.324 64.79533 -16.90658  6.875  1.36  0.78
  70 20140915 161149.787 64.82301 -16.88414  3.603  0.45  0.55
  71 20140915 161932.949 64.81198 -16.89152  4.254  0.89  0.94
  72 20140915 162000.946 64.86698 -16.86727  8.307  1.36  1.24
  73 20140915 162405.712 64.80701 -16.90671  7.580  1.65  1.11
  74 20140915 163343.741 64.85312 -16.85352  4.659  0.90  0.89
  75 20140915 164200.427 65.09196 -16.44383  9.559  0.72  0.31
  76 20140915 164342.576 65.07309 -16.67395  7.350  1.34  0.89
  77 20140915 164852.328 64.64536 -17.59719  5.521  0.91  0.95
  78 20140915 170058.858 64.79977 -16.91817  8.939  1.29  1.01
  79 20140915 171229.829 64.79702 -16.91728  7.832  0.52  0.86
  80 20140915 171859.341 66.24055 -18.34547  9.567  0.95  1.23
  81 20140915 171942.341 64.66639 -17.41208  8.608  1.87  2.04
  82 20140915 173125.397 64.68389 -17.04406 11.697  1.56  1.51
  83 20140915 173318.840 64.67044 -17.37215  7.653  1.88  1.92
  84 20140915 173437.577 65.11440 -16.37915  8.434  1.32  1.44
  85 20140915 173459.213 65.11807 -16.37049  5.987  1.70  1.57
  86 20140915 173537.513 65.11778 -16.36963 11.512  1.00  0.94
  87 20140915 173937.346 64.87115 -16.85374  9.238  0.97  0.99
  88 20140915 174050.187 64.82989 -16.87772  8.245  0.54  0.60
  89 20140915 180450.902 64.85690 -16.87628  8.043  0.98  0.84
  90 20140915 181136.753 64.84174 -16.89072  5.674  0.91  0.94
  91 20140915 181157.156 64.79653 -16.89621  8.025  0.91  0.68
  92 20140915 182151.921 64.86574 -16.85557  8.998  1.20  1.04
  93 20140915 182601.948 64.86738 -16.84759 12.858  1.28  0.96
  94 20140915 183447.836 64.82520 -16.88018 11.741  0.84  0.87
  95 20140915 183552.347 64.79094 -16.91102 11.762  0.86  0.89
  96 20140915 183919.403 64.84361 -16.85303 14.206  1.05  0.99
  97 20140915 185328.969 65.14687 -16.31913  8.601  1.07  1.23
  98 20140915 192146.225 65.04416 -16.58579  4.690  1.03  0.63
  99 20140915 193002.398 64.83094 -16.88910  8.901  0.85  0.61
 100 20140915 194719.559 64.86592 -16.84630 10.404  0.25  0.33
 101 20140915 201211.075 64.85637 -16.87112  7.968  0.82  0.83
 102 20140915 202522.196 66.23988 -18.34657  9.997  0.84  1.04
 103 20140915 202608.667 65.19647 -16.37386 14.646  0.92  0.55
 104 20140915 203606.574 64.85931 -16.85616  8.010  1.40  1.25
 105 20140915 203846.356 64.84164 -16.87903  7.988  1.67  1.35
 106 20140915 210031.843 64.80388 -16.90634 12.369  0.86  0.79
 107 20140915 210214.092 66.26093 -16.93308  7.584  0.42  0.81
 108 20140915 210346.675 65.21922 -16.34848  4.232  0.83  0.88
 109 20140915 211116.690 64.70359 -17.01083 11.727  0.98  1.20
 110 20140915 212339.175 64.61397 -17.45945  2.747  3.37  2.01
 111 20140915 212806.765 64.86625 -16.85375 11.232  1.06  1.01
 112 20140915 212835.288 64.79352 -16.94110 11.250  1.50  1.33
 113 20140915 213019.569 64.80192 -16.91680  8.735  1.12  1.08
 114 20140915 213917.782 64.78628 -16.90908 10.019  2.19  2.10
 115 20140915 215026.301 64.81435 -16.89535  8.288  1.05  0.75
 116 20140915 215609.671 64.84464 -16.87179  9.989  2.14  2.03
 117 20140915 215752.700 65.18023 -16.27341  3.857  1.86  1.68
 118 20140915 220433.985 65.09820 -16.37734  6.584  0.99  0.87
 119 20140915 220811.303 64.81747 -16.89681  8.597  0.78  0.44
 120 20140915 220901.994 65.04151 -16.53222  6.071  0.78  0.61
 121 20140915 221426.211 64.84875 -16.85716  9.126  1.04  0.53
 122 20140915 221733.656 65.04813 -16.21282  2.747  1.23  0.93
 123 20140915 222005.782 64.69166 -17.49764  2.864  1.13  1.18
 124 20140915 224049.288 64.84136 -16.88317  5.595  0.82  0.74
 125 20140915 224119.640 64.84570 -16.86566  8.436  1.09  0.98
 126 20140915 224822.434 66.23348 -18.34720 11.417  0.68  1.16
 127 20140915 225140.842 64.75125 -16.94570  2.578  0.86  0.39
 128 20140915 225431.041 64.66873 -17.57612  2.864  1.71  0.78
 129 20140915 225646.501 64.70028 -17.02105 13.034  0.80  1.04
 130 20140915 230155.576 64.85532 -16.84647  4.791  0.27  0.42
 131 20140915 230908.626 64.86164 -16.84686 12.573  1.06  0.87
 132 20140915 231518.665 65.22524 -16.38037 14.030  0.84  0.85
 133 20140915 232510.884 64.75539 -16.95631 10.470  0.56  0.51
 134 20140915 232556.091 64.82137 -16.87440  5.902  0.24  0.36
 135 20140915 232636.726 65.11746 -16.37851  7.673  1.15  1.41
 136 20140915 234849.753 64.68571 -17.48112  5.084  1.95  1.35
 137 20140916 000122.047 64.83234 -16.86424 14.015  0.94  0.80
 138 20140916 000649.608 64.71849 -17.84165  3.275  1.26  1.15
 139 20140916 001313.947 64.79258 -16.90836  8.238  0.70  0.54
 140 20140916 001353.237 64.87670 -16.84218  4.039  0.38  0.44
 141 20140916 003006.585 64.79242 -16.90373  7.369  0.94  0.89
 142 20140916 004732.695 64.67587 -17.44811  1.695  1.93  1.78
 143 20140916 005254.723 64.83539 -16.87066  7.141  1.70  1.61
 144 20140916 011011.731 65.14621 -16.32302  9.016  0.91  1.01
 145 20140916 011749.760 65.17929 -16.26088  7.906  1.18  1.26
 146 20140916 012048.410 64.03873 -21.15320  3.779  0.59  0.26
 147 20140916 013301.413 65.03453 -16.58799  4.406  1.00  1.04
 148 20140916 021514.438 64.66499 -17.38528  1.301  1.57  1.99
 149 20140916 021931.949 65.20660 -16.36559  9.936  1.04  1.09
 150 20140916 022624.985 64.79795 -16.90859 11.244  0.74  0.66
 151 20140916 022919.375 64.79535 -16.90392  7.914  0.83  0.69
 152 20140916 025620.954 64.79359 -16.90145  8.062  1.34  0.54
 153 20140916 030806.274 64.67076 -17.55286  6.769  1.10  0.96
 154 20140916 030910.796 64.79288 -16.90763  8.690  1.04  0.87
 155 20140916 033729.297 64.83854 -16.86914  7.992  0.72  0.77
 156 20140916 034138.463 64.79338 -16.89268  8.417  1.27  0.38
 157 20140916 034903.995 64.84188 -16.86515  7.501  0.44  0.58
 158 20140916 040307.297 64.78736 -16.91540  6.806  0.74  0.44
 159 20140916 040708.567 64.84649 -16.86595  8.396  1.14  1.05
 160 20140916 040739.923 64.67175 -17.53302  7.354  1.23  1.28
 161 20140916 042142.962 64.67170 -17.46490  4.493  2.74  1.97
 162 20140916 042551.801 64.72458 -17.50541  6.683  0.87  1.03
 163 20140916 043954.475 64.73779 -17.46825  6.224  1.22  0.93
 164 20140916 045507.460 64.83472 -16.87700  8.881  1.90  1.60
 165 20140916 045816.284 64.66829 -17.41783  8.029  1.83  2.06
 166 20140916 050848.151 64.82085 -16.88163  5.071  0.99  1.01
 167 20140916 050928.990 64.85333 -16.85429  8.667  1.28  1.38
 168 20140916 051510.710 64.68140 -17.44535  8.877  1.93  1.54
 169 20140916 052132.891 64.79189 -16.90613  7.532  0.74  0.60
 170 20140916 060443.447 64.79083 -16.89268  9.387  0.50  0.65
 171 20140916 062336.500 64.79169 -16.90724  9.095  1.07  0.90
 172 20140916 063556.424 64.86020 -16.84440 12.683  1.44  1.09
 173 20140916 070752.716 63.60907 -19.14320  3.652  1.20  0.50
 174 20140916 072249.811 64.78760 -16.53658  6.363  0.87  0.79
 175 20140916 075750.973 64.86094 -16.84501 12.520  1.74  1.47
 176 20140916 082200.435 63.97871 -19.98916  7.268  0.89  0.41
 177 20140916 083209.462 64.81341 -16.89506  8.201  0.88  0.86
 178 20140916 083241.057 64.85957 -16.84702 10.883  0.69  0.75
 179 20140916 084632.690 64.79711 -16.89655  1.940  0.23  0.30
 180 20140916 091334.394 64.67020 -17.46140  5.411  3.38  2.45
 181 20140916 092912.951 64.79189 -16.90494  6.120  0.98  0.86
 182 20140916 101119.806 63.99692 -20.95584  2.778  0.67  0.79
 183 20140916 103304.741 64.79144 -16.90480  8.431 -9.99  0.83
 184 20140916 103630.638 64.67092 -17.50308  9.239  4.77  3.05
 185 20140916 105035.535 64.82216 -16.88181  7.505  0.98  1.09
 186 20140916 105756.572 64.79374 -16.90379  8.277  0.89  0.70
 187 20140916 113228.946 65.13125 -16.32974  7.684  0.56  0.85
 188 20140916 114503.443 64.77287 -17.85465  3.920  2.49  2.75
 189 20140916 114925.091 64.71746 -17.80002 10.706  0.30  0.22
 190 20140916 120947.721 64.71472 -17.81786 12.242  0.80  0.65
 191 20140916 124616.615 64.66303 -17.39783  0.198  1.56  1.54
 192 20140916 124919.409 64.66868 -17.41693  8.823  2.01  2.15
 193 20140916 125220.488 65.11223 -16.38838  8.737  0.93  1.13
 194 20140916 130459.880 65.14371 -16.33935  7.196  0.75  1.12
 195 20140916 131329.622 64.84705 -16.85671  9.187  0.87  0.80
 196 20140916 133549.779 64.76301 -17.85643  3.301  0.70  0.86
 197 20140916 133747.501 64.80106 -16.90970  7.930  0.69  0.50
 198 20140916 134342.481 64.80186 -16.88695  9.353  0.56  0.49
 199 20140916 134556.109 64.79120 -16.90797  7.296  1.63  1.28
 200 20140916 135941.881 64.68542 -17.45028  0.135  1.91  1.89
 201 20140916 140726.469 64.79275 -16.90076  8.513  1.62  1.49
 202 20140916 140805.140 64.78609 -16.91053  7.163  0.73  0.65
 203 20140916 144306.107 64.79170 -16.89588  7.286  0.69  0.64
 204 20140916 144330.422 64.67965 -17.04343  9.919  0.15  0.35
 205 20140916 144757.117 64.62054 -17.56393  9.705  5.24  3.69
 206 20140916 145037.574 64.65649 -17.56558  5.628  1.63  1.24
 207 20140916 160221.684 65.11654 -16.38525  8.308  0.69  0.92
 208 20140916 160601.273 64.79615 -16.89123  5.037  0.77  0.62
 209 20140916 161335.841 64.67437 -17.39293  6.749  3.67  2.40
 210 20140916 161552.374 64.67332 -17.59579  6.150  1.55  1.37
 211 20140916 162031.084 64.00846 -21.42361  5.883  1.33  1.14
 212 20140916 162618.069 64.75773 -17.80936  1.144  0.28  0.79
 213 20140916 163825.520 65.14174 -16.33514 10.827  0.94  1.01
 214 20140916 165642.991 65.18576 -16.42299  2.411  0.86  0.85
 215 20140916 174617.028 64.31801 -17.52556  6.411  1.05  0.85
 216 20140916 180013.138 65.11369 -16.38393  8.662  1.56  1.45
 217 20140916 181358.071 65.09766 -16.41837  7.770  0.64  0.60
 218 20140916 182032.209 64.77442 -16.91910 11.106  0.74  0.54
 219 20140916 182304.073 64.67361 -17.45964  7.376  3.89  2.07
 220 20140916 184137.898 64.64890 -17.55316  8.853  2.29  1.20
 221 20140916 184742.856 64.80530 -16.89927  9.026  0.92  0.78
 222 20140916 191300.343 65.03171 -16.61241  4.953  0.96  0.63
 223 20140916 193550.712 65.04919 -16.57160  3.919  0.82  0.86
 224 20140916 200253.700 64.67680 -17.47031  5.005  4.85  2.99
 225 20140916 200555.002 64.78562 -16.92220 11.047  1.33  1.08
 226 20140916 202414.826 66.23280 -18.34249 11.117  0.98  1.16
 227 20140916 202843.658 64.81399 -16.90158  8.795  0.78  0.67
 228 20140916 202946.959 64.79405 -16.89208  8.427  0.38  0.56
 229 20140916 203625.523 64.79604 -16.89113  8.465  0.69  0.47
 230 20140916 203732.092 65.12021 -16.37574  6.966  0.65  0.59
 231 20140916 205743.127 64.81171 -16.90398  6.479  0.71  0.54
 232 20140916 211740.127 65.03804 -16.58985  4.297  0.98  1.26
 233 20140916 211834.203 64.79252 -16.90468  7.672  0.85  0.82
 234 20140916 213412.689 64.69247 -17.37817  7.711  5.44  3.85
 235 20140916 214852.007 64.66650 -17.40327  8.183  2.88  1.97
 236 20140916 220535.251 65.00304 -16.61301 14.057  0.84  0.68
 237 20140916 220805.665 64.84961 -16.86411  9.572  1.03  0.82
 238 20140916 223230.508 64.79414 -16.89239  7.833  1.57  1.30
 239 20140917 002402.857 64.86157 -16.84249  8.438  0.92  1.07
 240 20140917 004000.864 64.81563 -16.88309  6.877  0.54  0.64
 241 20140917 005436.588 65.03662 -16.59368  4.316  0.71  0.81
 242 20140917 010200.375 64.78914 -16.90761  7.610  0.43  0.38
 243 20140917 010224.018 64.79471 -16.90035  8.353  0.97  0.88
 244 20140917 011206.286 64.59802 -17.33058  7.945  0.85  0.70
 245 20140917 011401.750 64.79159 -16.89827  8.924  0.68  0.68
 246 20140917 011424.844 65.03406 -16.59718  4.171  0.91  0.74
 247 20140917 013458.316 65.11394 -16.37333  8.121  0.68  0.87
 248 20140917 013634.535 64.79665 -16.90056  7.426  0.52  0.66
 249 20140917 013858.690 64.85777 -16.84724 10.073  0.67  0.79
 250 20140917 014036.365 64.79518 -16.91038 12.330  1.20  0.94
 251 20140917 014127.560 64.78799 -16.90367  7.511  1.19  0.48
 252 20140917 015418.067 66.23812 -18.36625  7.869  0.85  1.17
 253 20140917 015659.839 65.17504 -16.27909  1.908  1.40  1.44
 254 20140917 015736.478 65.11118 -16.38230  4.312  1.19  1.19
 255 20140917 015909.124 64.81910 -16.88362  7.443  1.03  0.53
 256 20140917 021824.452 65.11368 -16.38114  7.809  1.21  1.13
 257 20140917 023310.664 65.03629 -16.59149  4.152  0.79  0.86
 258 20140917 023426.788 63.95656 -19.37182  5.513  2.09  1.65
 259 20140917 024135.420 65.06615 -16.43360  6.283  0.63  0.77
 260 20140917 025321.418 65.11693 -16.37472  7.500  0.76  0.91
 261 20140917 032337.559 65.11606 -16.38647  5.171  0.58  0.62
 262 20140917 032618.041 64.79195 -16.90807  8.279  0.67  0.67
 263 20140917 032639.656 65.09513 -16.40238 13.230  0.62  0.72
 264 20140917 043148.240 65.20975 -16.36046  4.147  0.96  1.17
 265 20140917 044825.128 64.75154 -16.93817  9.415  1.80  1.47
 266 20140917 053701.517 65.11997 -16.37056  8.580  0.60  0.72
 267 20140917 053805.655 64.67097 -17.04165 11.598  0.61  0.68
 268 20140917 053831.950 64.79359 -16.89636  9.121  1.39  1.25
 269 20140917 060123.534 64.68564 -17.48893  0.135  0.70  0.85
 270 20140917 060143.325 65.11717 -16.37536  5.914  1.68  1.49
 271 20140917 061046.258 66.23516 -18.35390  8.192  1.01  1.40
 272 20140917 061334.821 65.11708 -16.37190  5.382  1.50  1.27
 273 20140917 063232.020 64.74584 -17.49223  6.161  0.84  1.10
 274 20140917 063513.263 64.66058 -17.36678  0.935  1.57  1.77
 275 20140917 064347.897 64.85799 -16.84439 12.518  0.72  0.99
 276 20140917 064400.558 64.79299 -16.90815  8.594  1.41  1.14
 277 20140917 070133.021 64.73677 -17.85712 11.065  0.66  0.57
 278 20140917 072811.561 65.13700 -16.33450  3.767  0.31  0.41
 279 20140917 073533.412 65.11153 -16.38678  7.867  1.08  1.27
 280 20140917 080549.714 65.11351 -16.37814  5.628  0.74  0.96
 281 20140917 080746.180 64.79832 -16.88531  9.564  0.98  0.87
 282 20140917 081733.647 64.79342 -16.89485  7.123  0.76  0.55
 283 20140917 082716.928 64.85102 -16.85553  7.873  1.81  1.74
 284 20140917 083206.617 65.11863 -16.37481  8.022  0.64  0.86
 285 20140917 090127.086 64.73901 -16.84185  9.092  0.60  0.65
 286 20140917 090223.430 64.04745 -21.22760  4.785  0.12  0.37
 287 20140917 091036.210 66.25151 -18.37851  9.006  1.51  1.80
 288 20140917 093152.415 64.67067 -17.46154  3.145  1.24  1.08
 289 20140917 093503.213 65.86391 -16.96877  3.576  0.29  0.02
 290 20140917 094100.111 65.11652 -16.38198  8.480  0.70  0.89
 291 20140917 095737.927 65.18057 -16.26893  3.678  1.01  0.96
 292 20140917 100616.277 64.87494 -16.70752 11.121  0.79  0.81
 293 20140917 100650.802 65.12005 -16.37047  7.890  0.70  0.70
 294 20140917 100814.141 65.18805 -16.27122  2.575  2.03  2.13
 295 20140917 101656.030 66.25048 -18.38505  8.449  1.24  1.69
 296 20140917 103825.190 64.68490 -17.43464  3.845  1.76  1.37
 297 20140917 104227.963 65.19186 -16.27283  8.330  0.82  0.67
 298 20140917 105719.690 64.88531 -16.82393 10.501  1.53  1.35
 299 20140917 110441.839 65.11981 -16.37916  7.722  0.75  1.10
 300 20140917 110939.375 64.67770 -17.46156  7.252  2.20  2.06
 301 20140917 112908.399 66.25430 -18.39482  6.858  0.95  1.44
 302 20140917 113105.791 64.78794 -16.90338  7.347  0.48  0.47
 303 20140917 113134.418 64.61876 -17.46800  9.610  0.96  1.13
 304 20140917 113226.743 64.63694 -17.46098  5.724  1.84  1.11
 305 20140917 122433.393 64.68196 -17.49674  0.135  1.45  0.79
 306 20140917 123346.678 64.78748 -16.88619  8.178  0.63  0.50
 307 20140917 123540.637 64.66553 -17.40477  6.678  1.90  2.00
 308 20140917 123708.919 65.20763 -16.36419  9.283  1.35  1.44
 309 20140917 124604.493 65.17982 -16.26786  2.020  0.95  1.18
 310 20140917 130119.744 63.65203 -19.32301  0.135  0.63  0.97
 311 20140917 130205.109 64.79384 -16.90996  8.462  0.59  0.61
 312 20140917 130333.749 65.15951 -16.43385  9.044  1.12  1.11
 313 20140917 131220.857 64.79726 -16.91254  7.894  0.75  0.53
 314 20140917 131809.474 64.67649 -17.47591  7.185  1.35  1.20
 315 20140917 134537.422 64.75913 -17.02378  7.754  0.82  0.79
 316 20140917 140052.329 66.25504 -18.39672  6.766  1.21  1.82
 317 20140917 140343.717 64.72229 -16.72355 10.874  0.89  0.82
 318 20140917 142415.851 64.61727 -17.48389  0.623  2.14  0.81
 319 20140917 143933.231 64.67464 -17.48567  6.966  1.74  1.67
 320 20140917 144708.860 66.25284 -18.38393 12.103  2.66  3.02
 321 20140917 151123.209 66.24960 -18.38791  7.508  0.84  1.36
 322 20140917 151633.378 64.84686 -16.86086  9.176  0.90  0.98
 323 20140917 152547.465 64.64359 -17.58315  4.721  0.23  0.07
 324 20140917 152832.011 64.66388 -17.40275  4.036  1.21  1.19
 325 20140917 152924.236 64.84872 -16.87325  9.704  0.29  0.33
 326 20140917 153011.765 64.67738 -17.47492  3.031  1.39  1.22
 327 20140917 153109.982 64.66353 -17.39340  4.988  3.30  2.33
 328 20140917 153436.348 64.79635 -16.89298  8.417  0.78  0.64
 329 20140917 154509.365 63.64114 -19.35954  0.135  1.25  0.86
 330 20140917 155607.789 64.71685 -17.79580  2.833  1.50  1.23
 331 20140917 160003.806 65.20979 -16.35963  5.027  1.01  1.27
 332 20140917 160039.006 64.67474 -17.55678  8.945  0.97  1.28
 333 20140917 160325.883 64.69295 -17.56577  7.016  1.29  1.09
 334 20140917 161141.607 63.42876 -23.96277  1.144  1.74  2.21
 335 20140917 161329.234 64.79424 -16.89494 11.295  1.09  0.54
 336 20140917 161442.942 64.79540 -16.88984 10.709  0.74  0.71
 337 20140917 162031.757 64.85251 -16.85919  9.177  0.41  0.40
 338 20140917 162534.048 66.25306 -18.39056  7.997  0.96  1.39
 339 20140917 162851.453 64.79201 -16.91392 12.157  0.70  0.67
 340 20140917 162951.474 63.54846 -19.10916  0.135  0.39  0.37
 341 20140917 163847.244 64.68628 -17.48018  8.478  1.63  1.70
 342 20140917 164803.300 64.79528 -16.91498 13.691  0.98  0.82
 343 20140917 173053.270 65.10960 -16.39586  4.608  0.78  0.71
 344 20140917 173638.814 64.76891 -16.92986  1.879  0.58  0.59
 345 20140917 174041.715 64.64357 -17.61260  6.777  1.95  1.54
 346 20140917 174748.216 66.25376 -18.38927  7.227  0.80  1.34
 347 20140917 180404.068 64.79304 -16.89131  4.995  0.75  0.55
 348 20140917 180809.713 64.79615 -16.91548 15.476  0.98  0.94
 349 20140917 180952.856 64.61878 -17.38981  5.883  5.15  3.45
 350 20140917 185002.708 65.21291 -16.35403  3.451  1.37  1.37
 351 20140917 185447.204 64.79579 -16.91855 13.908  1.26  1.10
 352 20140917 190325.205 64.79279 -16.91197 11.086  0.64  0.63
 353 20140917 191018.319 64.79128 -16.90743  8.502  0.86  0.54
 354 20140917 191243.635 65.21409 -16.35212  3.251  1.42  1.04
 355 20140917 194106.704 64.78905 -16.91125 11.511  0.45  0.41
 356 20140917 194900.938 65.14571 -16.31905  4.763  0.78  0.86
 357 20140917 195618.371 64.79046 -16.90770 10.508  0.63  0.57
 358 20140917 204335.406 64.79339 -16.91195 11.036  0.85  0.59
 359 20140917 204500.858 64.81765 -16.90621 14.590  1.24  0.85
 360 20140917 205646.198 64.78957 -16.91285 12.527  1.08  0.40
 361 20140917 205832.303 64.70911 -17.83906  3.631  1.20  1.13
 362 20140917 205949.385 64.67687 -17.46198  8.321  1.21  1.14
 363 20140917 210557.732 64.71140 -17.84355  2.724  1.61  1.03
 364 20140917 211554.853 64.79756 -16.91771 13.031  0.83  0.78
 365 20140917 212215.891 64.66503 -17.37571 13.708  0.98  1.02
 366 20140917 213911.621 64.70975 -17.00047 13.124  0.58  0.64
 367 20140917 222829.949 64.62105 -17.45943  7.135  3.18  2.15
 368 20140917 225208.049 64.68330 -17.46424  6.945  4.13  2.66
 369 20140917 233547.789 64.66617 -17.39644  1.688  3.55  2.18
 370 20140918 001417.978 64.78776 -16.91787 13.197  1.03  1.01
 371 20140918 001519.347 64.79216 -16.89387  1.998  0.85  0.70
 372 20140918 001813.945 64.79208 -16.91107 12.361  0.78  0.59
 373 20140918 001906.776 64.79872 -16.88750 12.876  0.93  0.60
 374 20140918 002303.164 65.70163 -16.76823  1.049  0.21 -0.19
 375 20140918 003042.419 64.79119 -16.90240 11.709  0.67  0.64
 376 20140918 003540.184 64.63988 -17.58932  6.059  1.65  1.32
 377 20140918 004859.003 64.81401 -16.89791 11.218  0.71  0.62
 378 20140918 011116.468 66.27659 -16.59410  8.532  0.64  1.11
 379 20140918 011236.670 64.81408 -16.89886 12.779  0.58  0.51
 380 20140918 011306.264 64.85956 -16.84764 10.528  0.49  0.40
 381 20140918 011356.854 65.11186 -16.38573  7.479  1.07  1.17
 382 20140918 011604.538 65.11090 -16.38175  6.694  1.62  1.52
 383 20140918 011706.940 65.11253 -16.38657  7.982  0.82  0.88
 384 20140918 012237.966 64.79321 -16.91088 10.781  0.65  0.68
 385 20140918 012305.620 64.78175 -16.91701 11.784  0.89  0.65
 386 20140918 012728.618 66.25172 -18.37909  9.126  0.92  1.26
 387 20140918 012942.038 64.79540 -16.89504 11.282  0.66  0.58
 388 20140918 013034.508 64.81392 -16.91476 14.553  0.79  0.69
 389 20140918 014818.266 64.79079 -16.86399 11.439  0.80  0.49
 390 20140918 015055.295 64.87516 -16.83802 11.390  1.36  0.68
 391 20140918 015550.944 64.79115 -16.91029 14.856  0.90  0.79
 392 20140918 015617.343 65.10896 -16.38879  7.654  1.27  1.28
 393 20140918 015850.313 64.67550 -17.42136  0.302  1.62  1.99
 394 20140918 021507.477 64.85207 -16.85897 12.271  0.59  0.72
 395 20140918 021713.458 65.11061 -16.38547  8.069  0.69  0.94
 396 20140918 021807.422 65.11404 -16.38160  7.663  0.91  1.03
 397 20140918 022353.610 64.48874 -17.53418  8.099  2.27  1.63
 398 20140918 022755.215 64.78637 -16.91021 14.746  0.99  1.03
 399 20140918 023111.118 65.10693 -16.38687  7.996  1.33  1.24
 400 20140918 023507.673 64.74616 -17.81350  2.747  1.84  1.98
 401 20140918 024433.717 64.79999 -16.92436 13.566  0.78  0.50
 402 20140918 030841.350 64.66811 -17.54864  4.414  0.44  0.32
 403 20140918 030952.720 64.68089 -17.36005  7.110  1.36  0.87
 404 20140918 031708.803 64.67267 -17.40601  6.416  4.51  3.33
 405 20140918 032422.634 65.14742 -16.33682  5.543  0.62  0.83
 406 20140918 033745.993 64.79454 -16.90824  7.933  0.71  0.70
 407 20140918 034139.953 64.80051 -16.90082  7.234  0.48  0.26
 408 20140918 034254.295 64.81261 -16.90154 12.043  0.97  0.82
 409 20140918 034432.668 64.73698 -17.78777  3.258  1.35  1.04
 410 20140918 034455.023 64.66246 -17.56110  5.654  1.29  1.19
 411 20140918 035248.448 64.72445 -17.62424  2.454  0.98  0.49
 412 20140918 035811.192 65.11154 -16.38893  7.765  0.72  0.86
 413 20140918 040929.383 65.11066 -16.38102  6.799  0.82  1.09
 414 20140918 041146.972 64.85879 -16.84931  8.399  0.63  0.63
 415 20140918 042901.029 64.65192 -17.58536  7.256  1.86  1.75
 416 20140918 044246.006 64.72816 -17.50787  7.225  1.61  1.24
 417 20140918 044411.760 64.79940 -16.90532  7.712  1.15  0.65
 418 20140918 044427.560 64.79641 -16.89441  7.656  0.74  0.56
 419 20140918 044929.996 64.78683 -16.90585  7.495  0.83  0.91
 420 20140918 050221.762 64.79192 -16.90108  7.081  0.47  0.37
 421 20140918 051429.852 64.65033 -17.48521  9.251  1.37  1.00
 422 20140918 052744.354 64.85667 -16.85073  9.401  0.92  0.69
 423 20140918 053745.190 64.86166 -16.84713 12.674  0.82  0.83
 424 20140918 053800.395 65.11454 -16.38576  8.506  0.82  1.02
 425 20140918 055011.153 64.66262 -17.61044 10.076  0.74  0.73
 426 20140918 055426.448 64.64220 -17.53868  5.837  0.12  0.24
 427 20140918 060302.892 64.82108 -16.90607  9.066  1.82  1.23
 428 20140918 060450.014 64.76873 -16.94473  9.116  0.72  0.70
 429 20140918 060517.492 64.66914 -17.38910  0.290  3.41  2.26
 430 20140918 061317.516 66.24976 -18.38711  7.561  0.89  1.18
 431 20140918 061937.803 64.79663 -16.90737 10.123  0.75  0.63
 432 20140918 062647.596 64.63834 -17.55009  2.352  1.47  1.04
 433 20140918 065216.234 64.65069 -17.56831  7.224  2.03  1.38
 434 20140918 071246.353 64.66660 -17.53822  3.804  1.13  1.01
 435 20140918 071422.303 64.79944 -16.89271  8.237  0.62  0.40
 436 20140918 072836.858 65.11212 -16.38604  7.760  0.95  1.01
 437 20140918 074238.333 63.54734 -19.11421  0.135  1.38  0.22
 438 20140918 074406.210 65.11320 -16.38737  7.621  0.93  1.06
 439 20140918 075009.122 64.59390 -17.30620  8.277  1.63  1.43
 440 20140918 075259.573 64.68380 -17.03260 13.810  2.05  1.76
 441 20140918 075724.872 64.65116 -17.55471  9.461  0.89  0.93
 442 20140918 075906.241 64.67870 -17.40944  6.325  1.34  1.02
 443 20140918 080109.172 64.68046 -17.04816 13.998  1.10  1.12
 444 20140918 080350.906 64.79226 -16.89985 11.675  0.60  0.64
 445 20140918 080631.590 65.11142 -16.38130  7.313  0.48  0.73
 446 20140918 080726.314 64.59958 -17.50057  4.044  1.34  2.12
 447 20140918 080729.505 64.61784 -17.47158  8.391  2.03  1.94
 448 20140918 081247.648 64.76184 -17.72137  4.334  1.50  1.53
 449 20140918 082006.879 64.85249 -16.85089  9.896  0.43  0.38
 450 20140918 082237.993 64.79914 -16.91839  9.027  1.53  1.39
 451 20140918 085348.385 64.69951 -17.01777 11.520  0.64  0.65
 452 20140918 092626.127 64.66783 -17.46228  6.867  1.42  1.16
 453 20140918 092716.696 64.79164 -16.91140  7.480  0.76  0.59
 454 20140918 093101.147 64.65414 -17.54823  4.476  1.17  0.54
 455 20140918 093136.262 64.66312 -17.37349  2.047  1.51  1.46
 456 20140918 093313.302 64.79099 -16.90460  8.303  0.89  0.56
 457 20140918 093621.676 64.66702 -17.54521  4.928  1.20  1.10
 458 20140918 093847.198 64.67761 -17.56775  6.347  1.16  1.06
 459 20140918 093954.540 64.67848 -17.42474  7.717  1.86  1.90
 460 20140918 094019.953 64.67583 -17.46832  8.271  1.98  1.64
 461 20140918 094257.055 64.67271 -17.45780  4.521  1.77  1.60
 462 20140918 094513.664 64.63919 -17.56404  3.898  1.52  1.02
 463 20140918 100817.110 64.66570 -17.42906  8.626  1.35  1.05
 464 20140918 103001.822 64.67032 -17.60007  5.499  1.46  1.17
 465 20140918 103124.403 64.63096 -17.34790 11.596  0.80  0.75
 466 20140918 104636.525 64.66960 -17.40900  8.811  3.82  2.67
 467 20140918 105050.282 64.79507 -16.89984  9.263  0.91  0.85
 468 20140918 105139.498 64.79275 -16.91645  8.201  0.76  0.58
 469 20140918 110445.902 64.65987 -17.55588  6.202  1.47  1.00
 470 20140918 111926.865 64.67540 -17.46990  6.616  1.71  1.57
 471 20140918 112125.998 64.67268 -17.47523  8.139  3.71  2.42
 472 20140918 113249.243 64.60326 -17.32703  8.279  1.19  1.05
 473 20140918 115157.697 66.24825 -18.37800  6.849  0.69  0.64
 474 20140918 115204.057 64.61864 -17.38899  6.257  4.07  2.88
 475 20140918 124724.853 66.25027 -18.37785 11.219  1.61  1.89
 476 20140918 130305.759 66.23648 -16.62457  6.935  0.87  0.87
 477 20140918 130320.992 64.65506 -17.62843  7.362  1.32  1.26
 478 20140918 132154.028 64.78490 -16.92242  2.194  0.67  0.69
 479 20140918 132842.407 64.79296 -16.90202  9.455  0.65  0.53
 480 20140918 132852.463 64.64679 -17.55561  3.854  1.95  1.48
 481 20140918 133632.301 64.78834 -16.90591 10.895  0.57  0.51
 482 20140918 134654.642 66.25430 -18.40099  8.844  1.21  1.43
 483 20140918 135044.210 64.66811 -17.56400  5.812  1.29  1.00
 484 20140918 135714.195 64.67947 -17.55969  9.161  0.73  0.75
 485 20140918 135805.219 64.86211 -16.84589 11.776  0.61  0.53
 486 20140918 140037.689 63.54604 -19.10597  0.135  0.51  0.43
 487 20140918 140442.763 64.79461 -16.89434 11.316  0.47  0.41
 488 20140918 140947.022 64.79527 -16.90577  8.936  1.33  0.47
 489 20140918 141547.390 64.67551 -17.57795  6.998  1.66  1.25
 490 20140918 141822.199 65.07374 -16.20555  7.778  0.78  1.19
 491 20140918 142146.898 64.67877 -17.49430  6.763  5.34  3.93
 492 20140918 142413.081 64.49525 -17.47016  0.135 -9.99  1.92
 493 20140918 142752.124 64.66547 -17.48082  8.838  1.57  0.85
 494 20140918 143149.820 64.78789 -16.91395  9.146  1.01  0.52
 495 20140918 143258.742 64.68271 -17.50115  6.406  1.16  1.02
 496 20140918 150909.465 64.67598 -17.48795  7.692  1.50  1.48
 497 20140918 152208.372 64.79565 -16.88689 11.186  0.77  0.66
 498 20140918 152443.812 63.95689 -21.76614  9.273  0.65  0.41
 499 20140918 153339.724 64.75539 -16.95164 14.124  1.44  0.98
 500 20140918 154209.356 64.78532 -16.88894  1.144  0.48  0.39
 501 20140918 154636.869 64.74436 -16.93631 11.552  0.61  0.56
 502 20140918 155132.546 64.67307 -17.48498  6.285  2.04  1.54
 503 20140918 155746.428 64.79116 -16.90667  7.901  0.84  0.78
 504 20140918 162211.649 64.78922 -16.89745  7.570  0.81  0.96
 505 20140918 162611.849 64.67564 -17.49276  7.661  3.77  2.71
 506 20140918 164344.507 64.64255 -17.54872 11.158  2.73  1.72
 507 20140918 164516.909 64.85594 -16.86752 12.454  0.36  0.47
 508 20140918 171103.060 64.78947 -16.91186  8.635  0.63  0.57
 509 20140918 171131.071 64.78776 -16.90832  7.018  1.26  0.81
 510 20140918 171415.182 64.70916 -17.44547  7.481  1.18  0.91
 511 20140918 171900.335 64.67297 -17.46133  7.624  2.28  2.32
 512 20140918 172004.777 64.66796 -17.55910  6.040  1.63  1.52
 513 20140918 173016.853 64.79066 -16.90412  7.484  1.25  1.18
 514 20140918 173553.838 64.81608 -16.88839  8.394  0.52  0.25
 515 20140918 174013.409 64.67144 -17.47046  6.344  1.94  2.13
 516 20140918 180812.035 64.79232 -16.90801  7.521  1.17  0.71
 517 20140918 182424.748 64.79766 -16.88719  7.021  2.22  1.84
 518 20140918 182526.516 64.67184 -17.46573  6.820  1.58  1.56
 519 20140918 183032.910 64.78922 -16.90592  8.242  0.63  0.60
 520 20140918 183803.313 64.79014 -16.90766  8.452  0.93  0.80
 521 20140918 184409.993 66.22382 -18.27813  7.496  1.22  1.66
 522 20140918 184602.126 64.79728 -16.88885  8.857  1.02  0.88
 523 20140918 190849.339 65.05422 -16.44729  4.093  0.27  0.32
 524 20140918 191339.203 64.81696 -16.89602  8.626  0.72  0.72
 525 20140918 192548.630 65.14681 -16.34178  8.483  0.55  0.87
 526 20140918 200549.583 65.15601 -16.39929  8.578  0.66  0.94
 527 20140918 202131.073 65.03823 -16.47458  5.144  0.75  0.84
 528 20140918 202649.832 64.78822 -16.90857  8.069  0.66  0.67
 529 20140918 202733.040 64.82280 -16.88522  7.162  1.07  0.86
 530 20140918 205643.312 64.66601 -17.47179  3.983  1.62  1.96
 531 20140918 205654.725 64.67698 -17.44684  7.720  2.19  2.17
 532 20140918 212442.791 64.63750 -17.55284  5.927  0.96  0.76
 533 20140918 212527.465 64.79433 -16.89338  8.676  0.74  0.68
 534 20140918 212842.657 64.85876 -16.85255 10.631  0.33  0.46
 535 20140918 213842.774 64.68484 -17.49832  7.861  1.19  1.09
 536 20140918 214333.581 64.66817 -17.48080  6.490  4.51  3.24
 537 20140918 220907.009 64.79295 -16.89602  8.193  0.63  0.60
 538 20140918 220918.632 64.79163 -16.89724  6.646  0.77  0.68
 539 20140918 221415.828 64.60729 -17.33155  5.272  1.88  1.44
 540 20140918 223155.689 64.60812 -17.55875  2.948  1.77  0.99
 541 20140918 225809.436 64.72042 -17.28503  1.443  1.21  1.21
 542 20140918 232400.534 64.66228 -17.60743  4.412  2.07  2.01
 543 20140918 233106.814 64.71882 -16.92748  7.444  0.70  0.78
 544 20140918 233120.358 64.65432 -17.44432  1.390  1.25  1.28
 545 20140918 234350.568 64.67138 -17.45252  1.660  3.80  2.60
 546 20140919 000447.991 65.08976 -16.45496  8.570  0.52  0.44
 547 20140919 001014.308 64.83817 -16.86005 11.353  0.45  0.53
 548 20140919 001329.336 64.79102 -16.90369 11.443  1.25  0.58
 549 20140919 001740.215 63.54726 -19.10697  0.042  0.54  0.55
 550 20140919 002229.958 65.00665 -16.48518  6.655  0.51  0.25
 551 20140919 002259.736 65.01085 -16.48091  7.306  0.42  0.34
 552 20140919 002346.995 65.02016 -16.47015  4.840  0.21  0.04
 553 20140919 002623.726 64.79561 -16.88993 12.300  0.55  0.47
 554 20140919 003305.623 64.79234 -16.90911 12.601  0.52  0.62
 555 20140919 004554.062 64.79487 -16.88476 11.839  1.55  1.18
 556 20140919 005538.118 63.55606 -19.12932  0.096  0.53 -0.11
 557 20140919 010300.915 64.86280 -16.84357 12.077  0.42  0.60
 558 20140919 010428.919 65.70258 -16.76103  1.732  0.22  0.08
 559 20140919 010954.162 65.10468 -16.43527  4.766  0.61  0.43
 560 20140919 011448.657 64.79385 -16.90054 11.492  1.00  0.93
 561 20140919 014151.346 64.79185 -16.90876 12.898  0.58  0.78
 562 20140919 014800.046 64.67537 -17.39396  4.164  0.21  0.15
 563 20140919 015122.191 64.78404 -16.91215 11.484  0.52  0.60
 564 20140919 015754.649 64.67242 -17.47616  4.139  3.72  2.30
 565 20140919 015910.378 64.79302 -16.90594 12.803  0.72  0.86
 566 20140919 021053.506 64.78671 -16.91017 12.344  0.57  0.64
 567 20140919 023504.753 64.79437 -16.89074 11.341  0.69  0.75
 568 20140919 024135.986 64.79052 -16.91121 11.213  0.52  0.42
 569 20140919 030942.115 66.29297 -16.72574  3.628  0.98  1.04
 570 20140919 032257.830 64.81873 -16.88780 10.717  0.91  0.68
 571 20140919 033006.001 64.79027 -16.90745 12.341  0.55  0.50
 572 20140919 034620.589 64.85693 -16.84624 11.257  0.70  0.68
 573 20140919 035455.763 65.01115 -16.47903  6.329  0.48  0.33
 574 20140919 035515.552 65.00864 -16.48405  5.633  0.40  0.27
 575 20140919 035630.360 64.83895 -16.86681 10.893  0.60  0.55
 576 20140919 035850.958 64.79443 -16.88952 11.389  0.65  0.66
 577 20140919 040519.405 64.78817 -16.90590  8.740  1.09  0.49
 578 20140919 040606.001 64.79316 -16.89292 11.641  0.62  0.60
 579 20140919 042128.712 64.71516 -16.92857 11.207  0.47  0.58
 580 20140919 042414.927 64.86010 -16.84912 11.303  0.31  0.48
 581 20140919 042505.774 64.83807 -16.86490 11.423  0.95  1.19
 582 20140919 044950.276 66.22252 -18.26406  9.374  1.51  1.75
 583 20140919 045231.353 64.73584 -17.50931  8.003  3.23  1.96
 584 20140919 045640.969 64.79105 -16.88988 12.815  0.53  0.48
 585 20140919 045950.242 64.79391 -16.89068 11.405  0.67  0.73
 586 20140919 050759.161 64.83429 -16.86441  9.754  0.35  0.32
 587 20140919 050856.154 64.85062 -16.87226  4.466  0.47  0.40
 588 20140919 051413.134 64.79171 -16.89756 10.924  0.70  0.72
 589 20140919 051833.440 64.79008 -16.90893 10.259  0.60  0.62
 590 20140919 052718.531 64.78728 -16.90453 12.815  0.53  0.56
 591 20140919 054041.637 63.94286 -19.33061  3.149  1.26  0.71
 592 20140919 054625.771 64.87732 -16.83635 12.419  0.31  0.23
 593 20140919 054713.763 64.79384 -16.89001  6.328  0.63  0.85
 594 20140919 054722.368 64.78971 -16.90659 11.484  1.33  0.95
 595 20140919 055108.744 64.83640 -16.86656 11.826  0.95  0.97
 596 20140919 055501.701 64.80592 -16.90722 12.182  0.57  0.51
 597 20140919 055611.188 64.79520 -16.88864 12.646  0.49  0.31
 598 20140919 060104.035 63.55145 -19.10767  0.135  0.27  0.04
 599 20140919 060126.334 64.82800 -16.87063 12.259  0.43  0.29
 600 20140919 061631.153 64.80381 -16.89618  8.053  0.91  0.50
 601 20140919 061726.932 64.80533 -16.91145 10.883  1.00  0.76
 602 20140919 062453.608 66.22176 -18.26075 10.875  1.93  1.98
 603 20140919 062709.639 66.22129 -18.26867  9.090  0.97  1.42
 604 20140919 062800.870 64.80994 -16.90597 11.992  0.88  0.86
 605 20140919 063449.183 64.81653 -16.89346 12.480  0.46  0.66
 606 20140919 064440.067 64.67835 -17.45474  4.041  4.67  3.05
 607 20140919 064958.518 65.12233 -16.36434  5.012  0.71  0.47
 608 20140919 065048.161 64.79695 -16.89888  9.851  0.44  0.46
 609 20140919 065132.074 64.76474 -16.92865 11.992  1.09  0.75
 610 20140919 071733.173 64.65949 -17.51547  6.156  0.98  0.51
 611 20140919 072010.503 64.84792 -16.85752  9.277  0.63  0.55
 612 20140919 072541.625 64.79722 -16.89324 11.122  0.55  0.64
 613 20140919 073919.872 64.79032 -16.88997 12.693  0.42  0.31
 614 20140919 080123.032 64.78632 -16.90955 12.490  0.36  0.50
 615 20140919 080207.017 65.04121 -16.44132  2.152  0.85 -0.05
 616 20140919 080354.377 64.63997 -17.59141  7.067  3.45  2.69
 617 20140919 080517.652 64.81342 -16.89780 11.669  0.65  0.47
 618 20140919 080950.069 65.07941 -16.51744 11.656  0.37  0.32
 619 20140919 081619.380 64.78535 -16.92101  7.651  1.11  1.28
 620 20140919 082651.292 66.22189 -18.26642 11.341  1.71  2.09
 621 20140919 083252.841 64.81347 -16.89040 11.084  0.47  0.42
 622 20140919 084128.600 64.64156 -17.57426  0.804  0.72  0.21
 623 20140919 084340.026 64.49538 -17.47554  0.636  0.91  0.81
 624 20140919 084938.521 64.79632 -16.88878 11.683  0.54  0.59
 625 20140919 085758.751 64.67202 -17.40962  8.559  3.24  2.09
 626 20140919 090501.156 64.61485 -17.47506  0.074  0.96  0.85
 627 20140919 091734.267 65.18118 -16.27462  7.453  0.99  1.05
 628 20140919 091942.203 64.79411 -16.90838 12.865  1.21  0.85
 629 20140919 092030.941 64.85903 -16.84868 10.940  0.76  0.84
 630 20140919 092229.869 65.00893 -16.47929  6.777  0.45  0.27
 631 20140919 092407.382 64.78900 -16.91019 11.601  0.47  0.59
 632 20140919 093029.313 64.68146 -17.50589  4.250  1.03  1.05
 633 20140919 094210.324 64.79460 -16.88731 11.235  0.84  0.66
 634 20140919 094945.269 64.88489 -16.82886 12.086  0.53  0.39
 635 20140919 095029.540 64.79490 -16.89048 11.646  0.56  0.39
 636 20140919 100323.878 64.65336 -17.56411 10.953  1.41  1.12
 637 20140919 101645.214 64.79767 -16.91861 12.459  1.03  0.91
 638 20140919 102058.826 64.79495 -16.91805 14.592  0.96  0.86
 639 20140919 102606.552 64.82294 -16.87699  2.627  0.57  0.46
 640 20140919 102641.734 64.79065 -16.89697 12.692  0.74  0.45
 641 20140919 104656.388 64.68970 -17.51785  9.634  2.10  1.13
 642 20140919 105336.684 64.61517 -17.48304  1.579  1.35  1.29
 643 20140919 105815.769 65.17803 -16.40176  7.343  0.70  0.97
 644 20140919 111438.329 64.60867 -17.50506  3.653  1.70  1.20
 645 20140919 114359.827 64.79710 -16.88936  9.364  0.93  0.51
 646 20140919 114434.605 64.71510 -16.97109  6.932  0.54  0.40
 647 20140919 115006.409 64.86587 -16.84251  5.754  0.93  0.27
 648 20140919 120338.739 68.48458 -16.93090 10.005  2.46  2.52
 649 20140919 120755.136 64.88983 -16.83275 12.437  0.87  0.77
 650 20140919 122932.680 64.68036 -17.46094  5.160  1.59  1.66
 651 20140919 123354.747 64.69975 -17.42451  4.554  1.68  1.16
 652 20140919 124138.003 68.48111 -16.87840 10.005  2.99  2.53
 653 20140919 130247.466 64.66975 -17.34910  0.197  0.46  0.60
 654 20140919 131821.516 64.67304 -17.50545  8.815  0.76  0.97
 655 20140919 132126.835 64.69635 -17.57153 16.430  0.69  0.21
 656 20140919 133939.693 64.79654 -16.89610  7.979  0.70  0.40
 657 20140919 135141.487 64.78925 -16.92003  9.091  0.56  0.51
 658 20140919 143837.291 64.80017 -16.88753  9.158  0.73  0.52
 659 20140919 144821.476 64.66667 -17.45606  3.837  4.35  2.87
 660 20140919 145038.547 64.67641 -17.44443  5.606  1.79  1.82
 661 20140919 145508.607 64.79301 -16.90768  8.334  0.90  0.80
 662 20140919 150247.562 66.33312 -17.46086 11.047  0.80  1.21
 663 20140919 150318.808 63.53778 -19.10391  0.135  0.69  0.51
 664 20140919 151009.093 64.84892 -16.84187 12.564  0.54  0.56
 665 20140919 154603.903 63.95756 -21.23701  7.457  0.63  0.26
 666 20140919 155248.644 64.67296 -17.42125  6.599  1.62  1.60
 667 20140919 155539.143 64.79552 -16.90489  8.249  0.87  0.65
 668 20140919 160748.475 64.60338 -17.54743  0.135  1.20  1.61
 669 20140919 160901.371 64.60448 -17.55257  0.286  1.23  1.03
 670 20140919 163830.394 64.80359 -16.89650  7.690  1.11  0.30
 671 20140919 164056.646 65.11868 -16.35356  9.811  0.62  0.83
 672 20140919 164406.936 64.32418 -17.51914  7.813  1.11  0.94
 673 20140919 164503.882 64.79192 -16.87589  1.144  0.80  0.70
 674 20140919 165111.045 64.61355 -17.41317 11.569  0.86  0.65
 675 20140919 171953.852 64.67995 -17.41129  4.909  1.46  1.66
 676 20140919 172728.321 64.67273 -17.43570  7.263  1.46  1.35
 677 20140919 173031.016 64.63554 -17.50966  7.334  2.05  1.78
 678 20140919 173320.757 64.80046 -16.90405  7.976  1.03  0.43
 679 20140919 173456.603 65.10054 -16.41203  7.765  0.70  0.61
 680 20140919 174559.871 64.79685 -16.88647  9.382  0.93  0.35
 681 20140919 175620.404 64.61589 -17.50311  6.598  1.15  0.91
 682 20140919 180559.877 64.65785 -17.51813  6.928  2.15  1.91
 683 20140919 181423.609 64.61520 -17.57915  7.122  1.50  1.22
 684 20140919 182940.310 65.09772 -16.40938  6.248  1.10  1.31
 685 20140919 183717.494 64.66882 -17.41795  8.199  2.10  2.15
 686 20140919 184624.922 64.68112 -17.46422  6.366  3.65  2.45
 687 20140919 184803.988 64.67941 -17.43249  5.468  1.79  2.01
 688 20140919 191709.347 64.67373 -17.57002  4.889  1.34  0.97
 689 20140919 192032.573 64.79600 -16.89017  9.189  0.88  0.76
 690 20140919 192854.901 64.52583 -17.45159  4.886  1.21  1.02
 691 20140919 193411.566 64.80334 -16.90937  8.259  0.47  0.46
 692 20140919 194416.295 65.70725 -16.81656  2.609  0.78  0.06
 693 20140919 200625.106 64.66701 -17.48664  2.141  1.50  1.70
 694 20140919 200856.027 64.71249 -17.66006 11.676  0.73  0.85
