  Nr    Dags.    Timi      Breidd     Lengd   Dypi   M     ML
   1 20140811 010157.601 63.54692 -19.11382  0.136  0.28  0.34
   2 20140811 012257.531 64.84695 -19.59703  0.136  1.09  1.06
   3 20140811 012442.565 64.85824 -19.59000  1.819  0.73  0.70
   4 20140811 014249.686 64.84497 -19.60203  0.469  1.54  1.22
   5 20140811 014315.347 64.84491 -19.60553  0.433  1.48  1.36
   6 20140811 021735.527 65.02762 -16.49517  0.683  1.58  1.43
   7 20140811 021844.531 63.95294 -21.11577  5.004  0.12  0.17
   8 20140811 033631.160 65.05920 -16.43066  3.982  0.01 -0.56
   9 20140811 043035.299 64.66578 -17.37870  7.829  1.05  0.74
  10 20140811 043910.048 63.65070 -19.32320  0.136  0.61  0.77
  11 20140811 045554.760 63.96537 -20.86119  3.385 -0.06 -0.32
  12 20140811 051909.296 64.82458 -17.12589  4.924  0.03 -0.15
  13 20140811 061250.795 63.70320 -19.06952 14.368  0.51  0.24
  14 20140811 062403.496 63.86443 -19.79447  7.260  0.83  0.80
  15 20140811 070422.557 63.54850 -19.10728  0.136  0.01  0.37
  16 20140811 074709.554 64.05796 -21.39018  6.643  0.39  0.32
  17 20140811 075839.128 63.91935 -19.17305  0.136  1.56  1.40
  18 20140811 083255.888 63.97388 -20.92256  6.802  0.20  0.34
  19 20140811 084014.389 64.66512 -17.35302  3.933  0.58  0.25
  20 20140811 085054.020 65.04012 -16.47049  2.131  0.51  0.53
  21 20140811 090623.894 64.61253 -17.46844  4.181  1.41  0.56
  22 20140811 102824.747 64.60755 -17.50589  2.241  2.22  1.32
  23 20140811 110653.240 63.64914 -19.31886  0.136  0.57  1.01
  24 20140811 113924.643 64.66359 -17.35131  7.914  0.51  0.11
  25 20140811 115154.237 63.95291 -22.09928  7.012  1.38  0.96
  26 20140811 115247.657 63.94881 -22.10064  5.376  0.88  0.70
  27 20140811 134922.945 63.57740 -18.79599  0.136  0.24  0.50
  28 20140811 153722.831 63.90586 -22.03291  4.355  3.41  2.93
  29 20140811 153752.814 63.89929 -22.02857  4.389  2.15  1.83
  30 20140811 153800.662 63.90104 -22.03009  3.099  1.95  1.04
  31 20140811 154016.704 63.91438 -22.02020  2.476  1.17  0.92
  32 20140811 154037.139 63.92304 -22.02276  2.557  0.53  0.46
  33 20140811 155337.931 65.03993 -16.46581  0.136  0.38  0.38
  34 20140811 164117.592 65.10077 -16.36818  5.872  0.87  0.29
  35 20140811 170239.152 63.89259 -22.03711  4.243  0.71  0.57
  36 20140811 170913.762 63.54694 -19.10743  0.046  0.60  0.59
  37 20140811 174049.311 65.09230 -16.33667  4.108  1.46  1.32
  38 20140811 183028.956 65.64072 -16.88612  5.154  0.17 -0.17
  39 20140811 205331.055 63.89891 -22.02965  4.356  1.53  1.04
  40 20140811 211307.717 63.66082 -19.32389  0.136  0.69  0.41
  41 20140811 212835.284 64.79661 -17.30101  7.960  0.35  0.41
  42 20140811 221029.941 63.95972 -21.75778 10.095  0.60  0.55
  43 20140812 003234.895 66.22527 -18.29805 11.630  0.48  0.37
  44 20140812 003609.548 63.85540 -19.15557  7.992  0.30  0.90
  45 20140812 011611.468 64.50960 -17.72072  3.238  1.78  0.62
  46 20140812 012723.220 65.12089 -20.43566  8.340  0.97  1.38
  47 20140812 014405.145 63.65860 -19.23014  5.845  0.47  0.07
  48 20140812 014934.419 65.13448 -20.48586  7.619  1.32  1.45
  49 20140812 015438.950 65.13406 -20.47625  6.139  0.95  1.09
  50 20140812 020028.905 63.93959 -20.50947  6.570  0.98  0.94
  51 20140812 020406.492 65.12474 -20.48512  8.365  1.47  1.64
  52 20140812 022148.624 63.67339 -19.31591  0.136  0.76  0.74
  53 20140812 022412.453 63.65303 -19.33209  0.136  0.51  0.39
  54 20140812 025712.322 63.69207 -19.67448  0.136 -0.32 -1.00
  55 20140812 034727.384 63.54723 -19.10898  0.136  0.30  0.44
  56 20140812 040807.930 65.10489 -16.37374  7.053  0.31  0.32
  57 20140812 042836.246 64.65318 -17.42406  8.183  0.91  0.73
  58 20140812 045312.461 64.62678 -16.71654  8.854  1.74  1.47
  59 20140812 045332.209 64.64157 -16.72570 12.241  1.20  0.78
  60 20140812 050157.472 64.78337 -16.74372 15.605  0.52 -0.10
  61 20140812 050812.399 64.60262 -16.72801  8.625  0.55  0.32
  62 20140812 050917.938 64.62070 -16.72684 12.467  1.10  0.58
  63 20140812 053058.617 66.25393 -16.57603  6.020  0.82  0.97
  64 20140812 054652.432 63.60937 -19.02510 12.076  0.21 -0.26
  65 20140812 060841.193 64.96806 -17.99082  1.805  1.37  1.27
  66 20140812 063541.325 63.88564 -22.07493  7.305  1.03  0.67
  67 20140812 063738.118 63.96127 -21.21075  5.138  0.09  0.03
  68 20140812 065342.299 64.61926 -16.72592 10.922  0.57  0.22
  69 20140812 065935.297 63.90184 -21.90885 10.462  0.76  0.55
  70 20140812 065937.209 63.90544 -21.89253  9.676  0.91  0.54
  71 20140812 071528.873 65.70374 -16.77169  2.429  1.07  0.41
  72 20140812 071700.707 63.88241 -22.02405  5.104  0.23 -0.11
  73 20140812 082353.749 63.90128 -22.03063  4.368  1.36  1.16
  74 20140812 091955.642 64.68548 -17.38388  8.667  2.04  2.14
  75 20140812 092111.563 64.66874 -17.38695  4.402  0.53  0.31
  76 20140812 094732.822 64.67303 -17.38680  6.997  0.80  0.66
  77 20140812 100654.067 64.67257 -17.38793  7.704  1.55  0.95
  78 20140812 101746.003 63.90820 -22.01589  2.869  1.17  0.89
  79 20140812 101930.143 64.67281 -17.38693  6.845  1.18  0.72
  80 20140812 102345.406 63.54106 -19.11179  0.136  0.76  0.36
  81 20140812 103631.451 63.64802 -19.31901  0.136  0.54  0.70
  82 20140812 105245.775 64.04704 -21.22220  5.025  0.49  0.34
  83 20140812 105950.907 63.60176 -23.58518 13.106  2.07  2.01
  84 20140812 110333.307 63.87163 -22.01725  6.207  0.66 -0.14
  85 20140812 120001.325 63.65908 -19.34550  0.136  0.48  0.30
  86 20140812 121649.197 63.86647 -22.08812  4.003  0.57  0.37
  87 20140812 133139.675 63.95487 -21.30336  4.594  0.57  0.28
  88 20140812 134935.631 64.43772 -17.74073  4.967  0.57  0.46
  89 20140812 135059.892 65.09318 -16.33572  2.459  1.41  0.76
  90 20140812 142446.509 63.96425 -18.95605  0.136  0.59  0.82
  91 20140812 150517.197 64.10609 -21.27460  4.756 -0.03 -0.14
  92 20140812 152021.462 64.68089 -17.29567  1.126  0.22  0.16
  93 20140812 155829.025 63.94242 -20.43877  8.731  0.44  0.92
  94 20140812 174706.087 64.50455 -17.66683  1.699  0.60  0.54
  95 20140812 180243.760 66.12172 -17.65541  9.409  0.60  0.83
  96 20140812 184504.886 64.31532 -17.53044  7.324  1.02  1.04
  97 20140812 190845.038 63.89838 -22.05490  4.391  1.80  1.35
  98 20140812 191547.810 63.57202 -18.77388  1.145  0.25  0.51
  99 20140812 193403.446 63.88823 -22.05228  4.484  1.15  0.91
 100 20140812 193611.117 64.61823 -17.51847  7.727  1.28  0.95
 101 20140812 193643.867 66.56100 -19.09486  6.273  1.09  1.05
 102 20140812 195422.011 66.65329 -19.18302 11.520  1.60  1.56
 103 20140812 195425.387 66.59097 -19.13190  6.016  2.35  1.54
 104 20140812 205420.855 66.07677 -16.63797  8.076 -0.09 -0.25
 105 20140812 222122.303 65.70957 -16.75989  1.161  0.39 -0.21
 106 20140812 222700.557 64.02409 -21.19385  4.098  0.76  0.59
 107 20140812 225538.260 63.66728 -19.32053  0.136  0.85  1.09
 108 20140812 232402.389 65.14743 -16.41803  7.962  0.11  0.25
 109 20140813 002937.233 64.85479 -19.73899  1.292  1.94  1.63
 110 20140813 011625.628 63.60978 -19.14484 12.427  0.68 -0.11
 111 20140813 015620.594 66.39545 -17.25886 10.487  0.46  0.70
 112 20140813 021914.915 64.39704 -20.33484  5.931  1.15  1.19
 113 20140813 022400.270 63.54950 -19.11631  0.136  0.16  0.33
 114 20140813 023044.390 64.67262 -17.39237  7.047  0.93  0.59
 115 20140813 023522.881 64.65847 -17.53221  8.063  1.08  0.75
 116 20140813 031142.822 64.66010 -17.44370  1.750  0.62  0.14
 117 20140813 032949.759 65.07900 -16.60192  8.101  0.36 -0.29
 118 20140813 033041.792 64.68849 -17.45712  7.476  0.49  0.52
 119 20140813 040136.195 64.99790 -16.67713  3.982  0.41  0.91
 120 20140813 040143.754 65.07613 -16.54640  2.364  0.73  0.46
 121 20140813 041538.587 65.08176 -16.53499  0.645  0.24  0.00
 122 20140813 041655.472 64.99073 -16.67838  2.352 -0.21 -0.25
 123 20140813 044007.914 65.07204 -16.54787  3.201  0.84  0.51
 124 20140813 050429.848 65.09180 -16.56418  1.094 -0.18 -0.13
 125 20140813 053252.806 65.10188 -16.57795  6.059  0.81 -0.06
 126 20140813 054931.886 64.12049 -16.87835  2.330  0.10  0.21
 127 20140813 075231.427 63.97221 -20.92528  6.958 -0.07 -0.02
 128 20140813 092550.058 65.71121 -16.80374  2.388  0.81  0.22
 129 20140813 095109.311 65.89026 -16.92497 10.653 -0.16 -0.65
 130 20140813 104338.123 63.89034 -21.99996  3.495  0.73  0.53
 131 20140813 122554.308 65.06396 -16.56013  3.439  0.68  0.61
 132 20140813 130216.455 65.06728 -16.55890  3.531  0.59  0.39
 133 20140813 131525.562 64.66612 -17.40116  7.837  1.05  1.03
 134 20140813 132410.820 64.67710 -17.41400  8.435  0.56  0.37
 135 20140813 134537.020 64.03933 -21.11763  5.150  0.91  0.61
 136 20140813 141143.710 64.35018 -20.30348  3.429  0.89  1.13
 137 20140813 141531.954 64.67405 -17.36698  4.611  0.61  0.40
 138 20140813 142326.713 64.86848 -19.58138  2.286  1.80  1.53
 139 20140813 142339.231 64.88924 -19.54588  2.273  1.41  1.57
 140 20140813 142351.284 64.85053 -19.56327  2.587  1.63  1.48
 141 20140813 142358.479 64.86412 -19.56631  2.460  1.45  1.35
 142 20140813 142547.495 64.86525 -19.59130  2.024  2.00  1.78
 143 20140813 142601.708 64.90308 -19.59505  1.145  1.85  1.96
 144 20140813 142603.622 64.86893 -19.57557  2.698  2.45  2.00
 145 20140813 142631.353 64.87724 -19.60812  2.346  1.28  1.17
 146 20140813 142843.130 64.86362 -19.56328  3.058  2.22  1.82
 147 20140813 142924.925 64.50221 -17.84487 11.262  0.85  0.56
 148 20140813 143119.105 64.88168 -19.56016  3.609  2.48  2.01
 149 20140813 145009.927 64.86343 -19.56909  2.872  1.45  1.29
 150 20140813 145704.622 64.86679 -19.56851  0.206  1.42  0.94
 151 20140813 145915.538 64.87686 -19.57110  3.258  2.32  2.35
 152 20140813 150252.994 64.87717 -19.55555  1.417  0.74  0.78
 153 20140813 154039.634 64.50993 -17.69798 10.431  2.29  1.59
 154 20140813 155329.150 64.66096 -17.36468  1.336  0.95 -0.14
 155 20140813 160740.009 64.87440 -19.56546  2.540  2.11  1.77
 156 20140813 162052.046 66.07270 -16.63087  7.868  0.41  0.32
 157 20140813 164125.171 64.86185 -19.57989  1.791  1.69  1.36
 158 20140813 164143.355 64.86073 -19.57221  2.664  1.58  1.18
 159 20140813 164436.452 65.70326 -16.78522  2.127  0.51 -0.04
 160 20140813 165216.333 63.64810 -19.35229  0.136  1.38  1.86
 161 20140813 174434.756 66.21590 -16.89756  6.390  0.24  0.57
 162 20140813 174639.373 63.54814 -19.10970  0.044  0.72  0.23
 163 20140813 192654.212 64.61934 -17.51100  7.978 -0.24 -0.47
 164 20140813 195424.487 64.87234 -19.56844  3.155  2.08  1.53
 165 20140813 225844.641 65.16382 -17.06975  2.501  1.29  1.29
 166 20140813 231920.101 63.66677 -19.31972  0.136  0.72  0.81
 167 20140813 234815.802 62.70903 -18.64752 44.521  2.86  3.51
 168 20140814 001905.234 63.66420 -19.31275  0.136  1.69  0.22
 169 20140814 002629.176 63.54919 -19.11069  0.136  0.21  0.25
 170 20140814 003243.828 64.68270 -17.39760  8.531  1.11  0.60
 171 20140814 023150.994 63.64780 -23.37223  7.039  1.68  1.58
 172 20140814 023831.399 63.66942 -19.11664  2.184  0.36  0.13
 173 20140814 031414.676 63.88984 -19.06901  3.878  0.66  0.98
 174 20140814 031425.739 63.89814 -19.09226  9.105  1.02  1.47
 175 20140814 042015.694 64.86702 -19.62527  0.481  1.49  0.55
 176 20140814 051519.292 66.22927 -16.62883  6.516  0.68  0.95
 177 20140814 052003.515 64.70055 -17.35911 11.886  1.07  0.98
 178 20140814 052556.166 65.16410 -17.07239  1.207  0.52  0.51
 179 20140814 054154.777 64.15348 -16.98236  2.470  0.16  0.26
 180 20140814 062352.230 64.78124 -17.62303 15.604  0.61 -0.49
 181 20140814 063112.150 63.94879 -20.93294  7.341 -0.04 -0.01
 182 20140814 063611.209 64.68064 -17.35826 10.420  0.53  0.02
 183 20140814 073410.641 63.66476 -19.31950  0.136  0.19  0.31
 184 20140814 074525.584 63.54987 -19.10886  0.136  0.61  0.37
 185 20140814 080545.469 64.67448 -17.38435  5.670  1.01  0.38
 186 20140814 081043.973 66.28310 -18.58795 12.153  0.82  0.57
 187 20140814 083128.436 66.25912 -16.77840  6.072  0.82  0.76
 188 20140814 090524.323 64.66115 -17.40575  6.592  0.91  0.79
 189 20140814 091539.510 63.68866 -19.32683  0.136  0.14  0.81
 190 20140814 094014.718 66.01473 -17.29199  5.356  0.59  0.49
 191 20140814 100547.648 65.03307 -16.68273  4.654  1.47  0.76
 192 20140814 104154.017 63.59286 -19.07501  1.434  0.32 -0.20
 193 20140814 104420.762 66.24844 -16.58829  6.287  0.73  1.01
 194 20140814 125526.217 64.66850 -17.43176  3.229  2.17  1.91
 195 20140814 125603.974 64.67455 -17.44174  8.350  1.54  1.22
 196 20140814 145135.239 64.66515 -17.44090  7.680  1.15  0.81
 197 20140814 151526.354 64.67124 -17.44875  7.442  1.14  0.82
 198 20140814 155808.378 64.05512 -21.39286  4.935  0.58  0.46
 199 20140814 155831.896 64.67167 -17.40757  8.834  2.04  1.65
 200 20140814 163801.001 63.54911 -19.11521  0.136  0.97  0.28
 201 20140814 164816.860 65.88436 -16.97484  1.867  0.72  0.51
 202 20140814 172501.615 65.72372 -17.46959  0.497  0.91  0.89
 203 20140814 182256.480 63.97960 -20.82043  2.534  1.36  1.16
 204 20140814 191549.065 65.86067 -16.98981  3.935  0.57 -0.15
 205 20140814 200007.949 64.65646 -17.43834  6.020  1.09  0.60
 206 20140814 201333.706 63.64637 -19.05586  2.115  1.09  0.51
 207 20140814 212501.681 66.40982 -17.86889  8.325  0.53  0.88
 208 20140814 212516.963 64.66388 -17.27210  4.590  0.47  0.30
 209 20140814 214103.163 63.54509 -19.11330  0.136  0.37  0.34
 210 20140814 224319.415 64.67191 -17.39079  6.706  1.12  0.70
 211 20140814 225913.174 66.41515 -17.85247  9.241  0.88  1.06
 212 20140814 232756.004 64.67384 -17.37361  8.833  1.37  1.11
 213 20140814 234529.481 63.65187 -19.33754  0.136  0.86  0.72
 214 20140815 000351.036 63.64505 -19.29788  0.136  1.42  0.44
 215 20140815 001241.415 64.68613 -17.40871  9.700  2.06  1.44
 216 20140815 001957.257 64.63625 -17.51653  0.043 -0.18 -0.30
 217 20140815 013441.613 64.68567 -17.35674  3.627  0.81  0.57
 218 20140815 014125.617 64.69275 -17.36508  5.931  0.76  0.53
 219 20140815 015154.712 64.68267 -17.44566  8.970  1.40  1.05
 220 20140815 021509.869 65.02077 -16.67038  3.802  1.07  0.95
 221 20140815 022716.940 64.67403 -17.43162  7.024  1.62  1.13
 222 20140815 023855.546 63.92683 -19.25704  0.622  0.69  0.60
 223 20140815 025031.842 64.69293 -17.36763  6.712  0.75  0.60
 224 20140815 041425.402 64.67458 -17.32312  8.042  0.78  0.56
 225 20140815 041552.853 66.60430 -17.75294  6.863  0.41  0.46
 226 20140815 041925.788 63.66105 -19.31258  0.136  0.83  0.85
 227 20140815 041935.969 63.66314 -19.31686  0.040  0.90  0.97
 228 20140815 043742.720 64.67705 -17.25727  6.171  0.77  0.46
 229 20140815 043838.812 64.66676 -17.29027  6.367  1.14  0.67
 230 20140815 044620.438 65.17042 -17.07621  9.301  0.70  0.54
 231 20140815 050416.560 64.67552 -17.31920  7.393  0.83  0.51
 232 20140815 054159.368 63.88979 -22.03756  5.346  0.75  0.55
 233 20140815 062538.894 63.54828 -19.11842  0.136  0.34  0.33
 234 20140815 065209.378 64.52177 -17.81670  6.778  0.45  0.35
 235 20140815 073236.959 66.26562 -16.86967 10.377  0.88  0.79
 236 20140815 110702.820 64.50449 -17.69282  1.515  0.75  0.59
 237 20140815 112424.405 64.67437 -17.38981  8.707  2.33  2.60
 238 20140815 112729.783 64.66348 -17.38288  3.927  1.03  0.91
 239 20140815 113001.557 64.66712 -17.39482  1.144  1.02  0.33
 240 20140815 114503.158 64.67508 -17.44536  7.662  2.16  1.27
 241 20140815 115149.351 64.68368 -17.41860 11.545  1.22  0.36
 242 20140815 120942.337 64.70638 -17.49872  0.136 -0.42 -0.40
 243 20140815 122439.033 64.62779 -17.36326  0.136  1.24  0.80
 244 20140815 123614.676 64.69425 -17.46551  0.136 -0.34 -0.27
 245 20140815 135540.735 64.07299 -21.16143  5.535  0.74  0.22
 246 20140815 144105.111 66.38712 -17.83128 10.021  1.51  1.78
 247 20140815 144516.109 64.69299 -17.40337 10.227  2.10  1.74
 248 20140815 152041.631 65.10151 -16.39654  9.112  0.99  0.58
 249 20140815 153057.153 64.66479 -17.40103  7.985  1.07  1.03
 250 20140815 155406.198 64.68037 -17.39935  7.817  1.26  0.83
 251 20140815 170306.943 64.61169 -17.48671  0.464  2.32  1.37
 252 20140816 001301.798 63.64625 -23.30097  8.744  1.90  1.93
 253 20140816 014506.326 63.54929 -19.10203  0.135  0.40  0.36
 254 20140816 030400.599 64.60992 -17.45988  0.149  1.48  1.26
 255 20140816 031828.480 64.61439 -17.44344  0.612  1.54  1.27
 256 20140816 032335.131 64.61121 -17.54330 10.405  1.57  1.22
 257 20140816 032822.132 64.00646 -20.22742  7.912  1.19  0.96
 258 20140816 033351.747 64.62341 -17.41871 11.529  1.61  1.54
 259 20140816 033828.517 64.60291 -17.51117  7.825  2.02  1.30
 260 20140816 034023.527 64.64244 -17.39186  9.854  2.24  1.91
 261 20140816 034259.196 64.60944 -17.38898  0.038  2.54  1.57
 262 20140816 034740.988 64.60469 -17.53296  3.728  2.32  1.73
 263 20140816 035005.214 64.62151 -17.41829  6.791  2.51  2.44
 264 20140816 035121.391 64.61575 -17.38807  0.821  1.64  1.38
 265 20140816 035233.328 64.65518 -17.41466  9.305  1.65  1.22
 266 20140816 035441.955 64.63204 -17.40750 14.413  2.27  2.05
 267 20140816 035459.287 64.61869 -17.38885  7.861  2.47  2.45
 268 20140816 035909.035 64.62450 -17.39946  1.966  2.09  1.86
 269 20140816 040450.706 64.62608 -17.39681 11.259  2.90  3.16
 270 20140816 040450.812 64.62586 -17.39645  6.876  2.95  3.12
 271 20140816 040654.483 64.63863 -17.44689  7.988  2.18  1.60
 272 20140816 041010.842 64.58081 -17.45050  2.567  1.64  1.36
 273 20140816 041054.823 64.61051 -17.37169  3.030  1.73  1.50
 274 20140816 041128.171 64.61253 -17.54673  5.458  1.67  1.49
 275 20140816 041136.968 64.65751 -17.33464  1.963  1.77  1.51
 276 20140816 041507.004 64.63406 -17.41262  4.159  3.15  2.20
 277 20140816 041538.261 64.63017 -17.55688  1.102  1.50  1.42
 278 20140816 041815.681 64.64081 -17.38946 10.094  1.72  1.26
 279 20140816 042203.358 64.63035 -17.39025  9.181  2.41  1.77
 280 20140816 043137.795 64.63676 -17.38764  7.349  2.01  1.11
 281 20140816 043728.063 64.61273 -17.47631  5.109  1.81  1.58
 282 20140816 043950.680 64.65009 -17.38898 11.656  2.50  2.20
 283 20140816 044412.971 64.62991 -17.33504  2.449  1.57  0.98
 284 20140816 044546.597 64.65271 -17.49611  7.476  1.87  1.52
 285 20140816 045743.052 64.64137 -17.40460 11.531  2.57  2.66
 286 20140816 050124.094 64.62196 -17.41404 11.046  1.80  1.21
 287 20140816 050452.157 64.62892 -17.38646  2.420  2.40  1.86
 288 20140816 050744.989 64.60408 -17.32191  0.135  2.25  1.66
 289 20140816 051344.274 64.60767 -17.33464  8.628  1.52  1.33
 290 20140816 051622.165 64.64234 -17.39271  1.518  2.36  2.11
 291 20140816 052526.917 64.62530 -17.37824  3.491  1.28  1.00
 292 20140816 054720.290 64.61884 -17.33923  6.318  1.99  1.43
 293 20140816 054939.047 64.61345 -17.33615  7.770  2.22  1.61
 294 20140816 055348.931 64.61127 -17.36940  2.389  1.88  1.76
 295 20140816 055631.882 64.61707 -17.33400  4.697  1.82  1.23
 296 20140816 055756.802 64.62872 -17.33003  2.223  1.53  1.20
 297 20140816 060545.434 64.60894 -17.35550  7.659  1.87  1.66
 298 20140816 061006.756 64.61984 -17.36372  8.114  1.83  1.80
 299 20140816 063435.014 64.62812 -17.32692  7.466  2.04  1.33
 300 20140816 064455.886 64.61552 -17.39740 13.112  1.93  1.97
 301 20140816 064756.435 64.68604 -17.81317  5.326  1.96  1.23
 302 20140816 064842.594 64.61057 -17.40073  6.628  1.94  1.50
 303 20140816 070055.627 64.62415 -17.40907 18.325  1.58  1.35
 304 20140816 071221.672 64.68316 -17.22041  5.343  1.49  1.19
 305 20140816 071647.993 64.67422 -17.29369  5.627  2.35  1.91
 306 20140816 072146.950 64.70523 -17.30448  7.013  1.51  1.32
 307 20140816 072407.197 64.69710 -17.30676  7.433  1.62  1.31
 308 20140816 073058.406 64.61726 -17.35245  9.033  2.07  1.59
 309 20140816 073253.162 64.73308 -17.32092  3.163  1.51  1.46
 310 20140816 073256.955 64.71918 -17.20966 11.501  1.52  1.33
 311 20140816 073411.969 64.62708 -17.33212  3.599  1.91  1.49
 312 20140816 074002.947 64.67626 -17.25338 10.640  1.85  1.94
 313 20140816 074056.702 64.65820 -17.22409  8.957  1.85  1.75
 314 20140816 074235.012 64.66369 -17.25100 11.485  2.05  1.54
 315 20140816 074808.631 64.60943 -17.33272 10.683  1.78  1.49
 316 20140816 074853.387 64.62030 -17.34656  7.977  2.25  1.72
 317 20140816 075330.827 64.48682 -17.77150 10.998  2.69  2.46
 318 20140816 080224.173 64.60455 -17.31302 13.617  1.85  1.39
 319 20140816 082111.305 64.62104 -17.35327 11.196  2.38  1.87
 320 20140816 084426.881 64.61864 -17.35144  9.768  2.22  1.59
 321 20140816 085936.724 64.70871 -17.29328  5.578  2.32  2.14
 322 20140816 090404.314 64.60281 -17.31606  9.397  2.02  1.46
 323 20140816 091021.124 64.65998 -17.26861  8.331  1.60  1.56
 324 20140816 091257.530 64.66479 -17.26853  9.370  2.16  1.96
 325 20140816 091329.775 64.69184 -17.32160  7.093  1.75  1.40
 326 20140816 091452.839 64.59851 -17.31184 12.243  2.04  1.49
 327 20140816 092150.110 64.60567 -17.30779 11.542  2.20  1.68
 328 20140816 092259.790 64.60694 -17.31895 12.479  2.27  1.73
 329 20140816 092900.039 64.60175 -17.30605 12.373  2.26  1.74
 330 20140816 093029.595 64.66167 -17.24721 10.881  1.64  1.66
 331 20140816 093201.985 64.67207 -17.25146 10.261  2.06  2.11
 332 20140816 093345.501 64.64107 -17.49793  9.273  1.89  1.41
 333 20140816 094134.254 64.61624 -17.35474 14.272  2.31  1.65
 334 20140816 094200.868 64.61597 -17.34882 10.707  1.84  1.54
 335 20140816 095855.243 64.58270 -17.26831  5.871  2.08  1.42
 336 20140816 100043.819 64.59795 -17.28499  2.995  1.66  1.33
 337 20140816 100126.901 64.69879 -17.33811  7.080  2.85  2.34
 338 20140816 100205.704 64.61512 -17.33087  4.457  2.69  1.88
 339 20140816 100435.999 64.68821 -17.29303  6.849  2.34  1.86
 340 20140816 101346.642 64.60260 -17.29819 10.962  1.99  1.74
 341 20140816 103445.046 64.60406 -17.31657 12.051  1.57  1.36
 342 20140816 104857.157 64.61831 -17.35588 10.884  2.19  1.82
 343 20140816 110405.899 64.68516 -17.27666  8.818  2.52  2.02
 344 20140816 110449.997 64.66644 -17.24605  9.273  1.94  1.67
 345 20140816 111404.340 64.61134 -17.32755  7.204  1.90  1.60
 346 20140816 112036.630 64.62174 -17.35081  8.154  2.38  1.88
 347 20140816 112629.711 64.60194 -17.30044 11.765  2.15  1.69
 348 20140816 113606.922 64.70624 -17.34314  8.178  2.19  2.23
 349 20140816 113936.574 64.60310 -17.30677 11.979  2.27  1.52
 350 20140816 114117.654 64.59454 -17.28380 11.123  1.68  1.25
 351 20140816 114227.810 64.70827 -17.34483  8.570  2.34  1.84
 352 20140816 114442.586 64.70267 -17.28166  8.164  2.58  2.67
 353 20140816 114739.799 64.61339 -17.32890 10.305  1.80  1.74
 354 20140816 120310.985 64.69757 -17.33278  7.490  2.96  3.05
 355 20140816 120459.096 64.69779 -17.31925  9.127  2.48  1.94
 356 20140816 120654.530 64.62075 -17.34227 11.344  2.42  1.95
 357 20140816 121626.224 64.77533 -17.18199  8.523  2.50  2.11
 358 20140816 121818.868 64.70511 -17.33550  8.899  2.20  2.19
 359 20140816 122304.707 64.62141 -17.35923  3.395  1.84  1.60
 360 20140816 122514.509 64.66966 -17.20679  6.354  2.07  2.13
 361 20140816 122713.230 64.67242 -17.23298  9.565  1.89  1.58
 362 20140816 124532.801 64.67534 -17.29260 10.740  2.51  2.26
 363 20140816 124645.178 64.60153 -17.30739 10.312  2.06  1.43
 364 20140816 130602.618 64.77341 -17.28988  7.271  2.19  1.85
 365 20140816 131202.194 64.76571 -17.24169  5.274  2.35  2.31
 366 20140816 131641.594 64.66095 -17.26168 12.401  2.13  1.96
 367 20140816 132313.526 64.62171 -17.35449  8.233  2.44  1.63
 368 20140816 134424.731 64.59858 -17.30043 10.990  1.80  1.72
 369 20140816 134450.692 64.60432 -17.31139 10.508  2.21  1.61
 370 20140816 135002.363 64.77729 -17.35688  5.884  2.11  1.79
 371 20140816 135619.050 64.70840 -17.31622  6.744  2.39  1.91
 372 20140816 140142.999 64.60464 -17.30134 11.438  1.97  1.84
 373 20140816 140929.054 64.61979 -17.36324  8.955  2.08  1.89
 374 20140816 141125.974 64.61268 -17.34086 11.302  2.18  1.70
 375 20140816 141605.659 64.61510 -17.34456  9.368  2.01  1.77
 376 20140816 150253.157 64.60544 -17.31692 11.430  2.73  1.62
 377 20140816 150530.836 64.70119 -17.33142  8.589  2.02  1.60
 378 20140816 150714.204 64.61291 -17.32434 10.949  1.48  1.36
 379 20140816 150928.007 64.50511 -17.52429  9.110  2.26  2.19
 380 20140816 151552.340 64.60218 -17.31526 13.774  1.69  1.28
 381 20140816 151826.392 64.66988 -17.28913 12.906  2.07  1.81
 382 20140816 152027.383 64.61378 -17.33899 12.087  1.63  1.29
 383 20140816 152208.397 64.67397 -17.31183  9.851  2.35  2.09
 384 20140816 152331.872 64.69484 -17.33245  9.880  2.57  2.61
 385 20140816 153513.273 64.77728 -17.16916  8.759  1.90  1.66
 386 20140816 153641.114 64.60474 -17.30763 11.234  1.66  1.53
 387 20140816 153945.452 64.61993 -17.34831 11.435  1.85  1.57
 388 20140816 154903.249 64.71506 -17.31427  7.966  3.20  3.30
 389 20140816 155125.620 64.70955 -17.31567  6.676  2.43  1.72
 390 20140816 155336.042 64.63544 -17.40024 10.633  1.93  1.57
 391 20140816 160430.350 64.67667 -17.24031  8.130  1.83  1.67
 392 20140816 161327.470 64.66403 -17.22944  8.370  1.77  1.43
 393 20140816 161943.422 64.75713 -17.26649  7.788  2.93  2.77
 394 20140816 162121.582 64.61059 -17.33436  7.978  2.03  1.82
 395 20140816 162154.565 64.75490 -17.26516  7.607  2.11  1.78
 396 20140816 162747.128 64.69382 -17.25886 11.696  1.68  1.43
 397 20140816 162748.851 64.60299 -17.31052  9.458  1.84  1.35
 398 20140816 163833.321 64.65598 -17.25289  8.905  1.59  1.43
 399 20140816 164013.714 64.65207 -17.24927  9.777  1.54  1.63
 400 20140816 164845.805 64.60210 -17.30941 11.255 -9.99  1.60
 401 20140816 165741.032 64.68848 -17.30968  8.583  1.25  1.08
 402 20140816 165905.268 64.59877 -17.30139 10.258  1.83  1.52
 403 20140816 171601.639 64.76402 -17.36589  6.651  2.03  1.84
 404 20140816 192327.047 64.71080 -17.30303  2.045  2.55  2.82
 405 20140816 194624.423 64.50514 -17.60002  3.892  2.39  2.59
 406 20140816 194759.376 64.60741 -17.21255  9.625  1.95  1.71
 407 20140816 194845.085 64.62153 -17.21896 11.222  1.67  1.37
 408 20140816 194936.450 64.62230 -17.19731 10.392  1.75  1.46
 409 20140816 201412.295 64.75955 -17.28632  5.066  2.71  2.46
 410 20140816 201448.998 64.75938 -17.29589  6.230  2.36  2.32
 411 20140816 201717.673 64.74811 -17.27722  4.562  2.18  1.98
 412 20140816 201857.112 64.62147 -17.24348 13.434  2.00  1.42
 413 20140816 201913.688 64.61471 -17.20830 10.717  2.25  1.51
 414 20140816 202334.026 64.61370 -17.25687 12.963  1.78  1.13
 415 20140816 202534.345 64.61961 -17.24072 11.812  2.24  1.71
 416 20140816 202733.704 64.61263 -17.19653  2.995  1.84  1.33
 417 20140816 202859.110 64.61411 -17.20743 11.648  2.05  1.49
 418 20140816 203042.808 64.60822 -17.20090 11.205  2.10  1.51
 419 20140816 203229.184 64.60041 -17.24499 13.928  1.67  1.31
 420 20140816 203248.693 64.61288 -17.20176 12.089  1.90  1.57
 421 20140816 203437.329 64.61362 -17.21898 11.488  1.79  1.44
 422 20140816 203634.416 64.61517 -17.20375 12.086  1.76  1.39
 423 20140816 203731.881 64.62693 -17.25678 16.884  1.97  1.44
 424 20140816 204733.275 64.58958 -17.21997  1.348  2.14  2.09
 425 20140816 204842.960 64.49807 -17.68766 10.101  1.89  1.88
 426 20140816 204939.657 64.76808 -17.30691  6.935  2.23  1.73
 427 20140816 205244.374 64.60826 -17.25154 12.580  2.22  1.57
 428 20140816 205844.408 64.61945 -17.24107 12.966  2.15  1.51
 429 20140816 210650.595 64.60712 -17.22443  9.022  1.94  1.56
 430 20140816 211014.586 64.49724 -17.70382  7.178  2.31  1.75
 431 20140816 211225.438 64.62453 -17.25383 12.611  2.07  1.73
 432 20140817 000351.121 64.60689 -17.24130 13.874  1.43  0.99
 433 20140817 000444.061 64.60378 -17.20489 12.269  1.37  1.05
 434 20140817 000636.116 64.61819 -17.17265  7.035  1.56  1.23
 435 20140817 000809.847 64.61681 -17.22440  4.965  1.66  1.12
 436 20140817 000857.728 64.77735 -17.28487  7.311  1.38  0.94
 437 20140817 000935.287 64.62547 -17.18956  5.110  1.69  1.31
 438 20140817 001022.809 64.61501 -17.17515  7.190  1.68  1.64
 439 20140817 001208.911 64.62164 -17.17888  9.501  1.87  1.66
 440 20140817 001301.040 64.77675 -17.23257  8.450  1.58  1.36
 441 20140817 001345.038 64.76237 -17.19226  8.931  1.77  1.47
 442 20140817 001525.935 64.64977 -17.14833 10.462  2.14  1.50
 443 20140817 001613.183 64.61212 -17.17214  9.750  1.49  1.33
 444 20140817 001655.462 64.60503 -17.19742  9.994  1.69  1.38
 445 20140817 001740.793 64.75780 -17.28166  5.491  2.47  2.36
 446 20140817 001948.091 64.59931 -17.22603  8.770  1.34  0.92
 447 20140817 002151.774 64.61128 -17.21802 13.258  1.32  1.07
 448 20140817 002343.898 64.62265 -17.21469 14.581  1.80  1.44
 449 20140817 002513.526 64.62101 -17.18327 11.018  1.33  1.02
 450 20140817 002606.585 64.78135 -17.14830  7.778  2.41  2.14
 451 20140817 002626.271 64.61600 -17.21417  9.289  1.76  1.31
 452 20140817 002653.773 64.62073 -17.21904 12.369  1.89  1.61
 453 20140817 002721.114 64.61986 -17.18017  8.538  1.86  1.57
 454 20140817 002909.981 64.70588 -17.30680  4.020  1.43  1.04
 455 20140817 002956.831 64.78619 -16.61840  7.430  1.07  0.36
 456 20140817 003211.114 64.76035 -17.29757  6.704  1.46  1.00
 457 20140817 003235.096 64.62014 -17.21711 11.361  1.52  1.30
 458 20140817 003331.764 64.62148 -17.18550  9.821  1.74  1.49
 459 20140817 003411.287 64.62227 -17.22567 11.858  1.80  1.27
 460 20140817 003540.610 64.61285 -17.22554 10.384  2.13  1.77
 461 20140817 003717.183 64.61668 -17.18845 14.271  1.47  1.32
 462 20140817 003922.013 64.61481 -17.22291  9.790  2.18  1.76
 463 20140817 003930.342 64.62267 -17.21812 11.649  2.37  1.93
 464 20140817 004418.098 65.17558 -16.34320  8.149  1.15  1.46
 465 20140817 004732.801 64.63880 -17.13369 10.287  1.77  1.42
 466 20140817 004907.655 64.62552 -17.13869 10.847  2.09  1.58
 467 20140817 005108.270 64.60002 -17.15508  2.684  1.83  1.62
 468 20140817 005445.536 64.62189 -17.16321 13.185  1.69  1.44
 469 20140817 005523.077 64.67052 -17.15129 13.225  1.80  1.41
 470 20140817 005640.708 64.63530 -17.12129  6.987  1.75  1.37
 471 20140817 005802.956 64.64237 -17.13825  5.108  1.73  1.37
 472 20140817 010844.769 64.63161 -17.12745  9.985  2.15  1.69
 473 20140817 013931.162 64.64116 -17.11310  8.923  1.46  1.32
 474 20140817 014016.100 64.77827 -17.13918  8.078  2.30  2.56
 475 20140817 014057.537 64.79345 -17.13676  6.718  1.64  1.29
 476 20140817 014121.572 64.64931 -17.12859 11.651  1.79  1.49
 477 20140817 014619.820 64.77711 -17.14818  8.839  1.58  1.49
 478 20140817 015609.759 64.64300 -17.12695 13.885  1.92  1.50
 479 20140817 015650.760 64.64181 -17.11908 11.280  2.28  1.99
 480 20140817 015805.982 64.62518 -17.18515  3.035  1.87  1.67
 481 20140817 015857.761 64.65077 -17.12714  9.748  2.53  2.02
 482 20140817 015926.449 64.62758 -17.14208 13.175  1.81  1.51
 483 20140817 020108.901 64.63911 -17.11688  9.095  2.43  1.86
 484 20140817 020205.900 64.62941 -17.16611 11.356  2.38  1.92
 485 20140817 020227.920 64.65029 -17.13562 12.773  1.91  1.66
 486 20140817 020838.149 64.64263 -17.11991 11.009  2.18  1.72
 487 20140817 024223.475 64.76656 -17.22695  6.798  2.26  1.99
 488 20140817 024414.513 64.64754 -17.13887 11.785  1.65  1.28
 489 20140817 024628.786 64.79930 -17.19319  7.699  2.16  2.06
 490 20140817 024855.610 64.79571 -17.15042  8.799  2.44  2.17
 491 20140817 025202.019 64.78757 -17.13333  5.042  3.29  3.54
 492 20140817 030240.921 64.65062 -17.11084 11.270  2.05  1.59
 493 20140817 030720.334 64.64168 -17.08858  8.608  1.88  1.49
 494 20140817 030848.509 64.64474 -17.10113 12.223  1.98  1.83
 495 20140817 031126.356 64.64895 -17.10270 10.781  1.99  1.52
 496 20140817 031126.361 64.64847 -17.10301 10.011  1.90  1.52
 497 20140817 031216.859 64.64935 -17.10171 12.593  1.28  1.08
 498 20140817 031340.213 64.77567 -17.15459  9.318  1.63  1.57
 499 20140817 031340.244 64.77810 -17.15331  9.047  1.76  1.54
 500 20140817 031544.442 63.65283 -19.33209  0.044  1.44  1.81
 501 20140817 032306.794 64.62221 -17.18635 12.914  1.87  1.59
 502 20140817 032355.526 64.77705 -17.17108  8.174  2.37  2.27
 503 20140817 032355.535 64.77707 -17.17234  7.998  2.33  2.17
 504 20140817 032724.823 64.64637 -17.10751 12.686  1.95  1.23
 505 20140817 032821.503 64.64745 -17.12526 11.176  1.75  1.41
 506 20140817 032924.731 64.78825 -17.14808  9.025  2.01  1.99
 507 20140817 032924.746 64.78783 -17.15097  9.232  2.06  1.99
 508 20140817 033039.179 64.65913 -17.44128 15.865  2.25  1.39
 509 20140817 033422.444 64.78683 -17.20474  6.965  2.11  1.80
 510 20140817 033533.127 64.65607 -17.10252 12.109  1.66  1.38
 511 20140817 033710.191 64.64929 -17.40548  2.629  2.23  1.41
 512 20140817 035205.421 64.63001 -17.16155 10.368  1.83  1.71
 513 20140817 040030.483 64.78796 -17.18275  8.083  2.20  1.83
 514 20140817 041028.132 64.62878 -17.32109  4.210  2.12  1.43
 515 20140817 041059.471 64.65659 -17.09239 11.210  1.47  1.17
 516 20140817 041520.724 64.76472 -17.29790  5.935  1.80  1.32
 517 20140817 041814.046 64.78533 -17.15589  9.254  2.49  1.90
 518 20140817 042023.599 64.62652 -17.19137  8.159  2.04  1.67
 519 20140817 043242.640 64.65009 -17.10348 12.529  1.66  1.30
 520 20140817 043319.742 64.65281 -17.09849  9.636  1.74  1.40
 521 20140817 043415.068 64.65260 -17.08541  7.125  1.69  1.23
 522 20140817 043531.006 64.62062 -17.19662 11.760  1.89  1.51
 523 20140817 043531.019 64.62267 -17.20174 12.563  1.90  1.53
 524 20140817 043614.481 64.78908 -17.14537  8.349  2.31  2.15
 525 20140817 043614.509 64.79091 -17.14525  7.836  2.17  2.08
 526 20140817 043706.442 64.78703 -17.14527  8.709  2.03  1.80
 527 20140817 043738.623 64.64673 -17.11265 11.554  1.84  1.25
 528 20140817 043928.321 64.78506 -17.16294  6.601  1.55  1.29
 529 20140817 044138.703 64.77948 -17.20318  8.033  2.45  2.17
 530 20140817 044138.729 64.77923 -17.20032  7.628  2.46  2.08
 531 20140817 044721.684 64.64684 -17.07408  9.152  1.73  1.56
 532 20140817 044721.689 64.64723 -17.07299  9.340  1.71  1.56
 533 20140817 045006.852 64.76515 -17.29067  7.406  2.49  2.41
 534 20140817 045006.869 64.76330 -17.28689  7.099  3.02  2.49
 535 20140817 045036.909 64.65904 -17.08250  9.400  1.92  1.59
 536 20140817 045125.880 64.78036 -17.29787  6.849  1.99  1.07
 537 20140817 045933.179 64.65232 -17.08142 11.262  2.13  1.91
 538 20140817 050201.109 64.65739 -17.07912 11.255  1.90  1.68
 539 20140817 050420.723 64.64597 -17.07397  8.647  1.94  1.78
 540 20140817 050541.371 64.65495 -17.08168  9.675  1.89  1.55
 541 20140817 051358.811 64.62717 -17.16854  9.671  2.03  1.74
 542 20140817 051943.755 64.75143 -17.31128  6.524  2.07  1.42
 543 20140817 052101.861 64.65187 -17.10017  8.370  2.28  1.70
 544 20140817 052746.529 63.95890 -19.99855  8.465  0.81  0.49
 545 20140817 053602.935 64.78861 -17.14848  8.612  1.72  1.86
 546 20140817 054303.855 64.76186 -17.27658  5.523  2.84  2.64
 547 20140817 054459.932 64.67382 -17.07211  4.279  1.71  1.26
 548 20140817 054734.598 64.63949 -17.12648 11.755  2.24  1.65
 549 20140817 055343.918 64.64629 -17.10385 11.440  1.73  1.49
 550 20140817 055559.656 64.64420 -17.09863  6.647  2.11  1.87
 551 20140817 060412.144 64.77718 -17.19801  8.353  2.12  2.19
 552 20140817 061134.433 64.77522 -17.19723  8.438  2.00  1.76
 553 20140817 062108.812 64.76263 -17.25364  1.216  3.55  3.30
 554 20140817 063502.362 64.61653 -17.22500 12.449  1.99  1.79
 555 20140817 064217.960 64.64742 -17.09438 11.521  1.99  1.93
 556 20140817 064348.971 64.60806 -16.85623 11.931  1.93  1.91
 557 20140817 064451.127 64.62876 -17.16063 10.771  2.42  1.94
 558 20140817 064530.706 64.77402 -17.20834  7.968  2.03  1.57
 559 20140817 064637.864 64.65240 -17.18629  5.852  1.36  1.13
 560 20140817 065010.934 64.64035 -17.13259  6.453  1.83  1.46
 561 20140817 065601.545 64.64285 -17.10795  9.662  1.76  1.24
 562 20140817 070209.701 64.75815 -17.26626  7.842  2.13  1.81
 563 20140817 070257.246 64.64622 -17.13606 11.252  1.65  1.30
 564 20140817 070522.294 64.65899 -17.10123 12.029  1.75  1.85
 565 20140817 072801.012 64.64178 -17.09521 10.709  1.46  1.27
 566 20140817 074501.238 64.77824 -17.15951  8.077  1.63  1.54
 567 20140817 074957.416 64.78598 -17.14053  9.451  2.17  2.17
 568 20140817 080708.773 64.63437 -17.12046 10.114  1.92  1.60
 569 20140817 080950.347 64.64314 -16.70373  2.711  2.87  2.82
 570 20140817 082419.590 64.63998 -17.10353  6.032  1.79  1.67
 571 20140817 083039.845 64.62766 -17.14597  9.810  2.04  1.78
 572 20140817 084052.612 64.64678 -16.72139  9.473  3.27  2.58
 573 20140817 085525.314 64.60882 -17.19153 11.079  1.67  1.17
 574 20140817 085554.734 64.63489 -17.11970  9.097  1.83  1.56
 575 20140817 085936.866 64.62523 -17.17479 10.500  1.76  1.72
 576 20140817 090057.092 64.61989 -17.16396 12.246  1.90  1.58
 577 20140817 090706.262 64.62894 -17.15210  7.417  2.12  1.65
 578 20140817 090810.190 64.62531 -17.18954 11.527  1.78  1.39
 579 20140817 090936.867 64.64178 -17.10495 11.722  1.93  1.64
 580 20140817 091018.269 64.62848 -17.16024 10.144  1.14  1.05
 581 20140817 091416.737 64.61628 -17.15594  7.339  1.77  1.64
 582 20140817 091512.040 64.62963 -17.18149 11.206  1.50  1.06
 583 20140817 091612.614 64.63071 -17.15784  9.163  1.37  0.97
 584 20140817 091627.698 64.65511 -17.08205 12.195  1.38  1.07
 585 20140817 092034.353 64.64738 -17.08861 11.419  2.07  1.64
 586 20140817 092527.844 64.62583 -17.18093 12.421  1.64  1.43
 587 20140817 092634.389 64.62919 -17.19818 12.384  1.44  1.26
 588 20140817 092743.260 64.62936 -17.13971  9.365  2.54  1.93
 589 20140817 092838.341 64.62452 -17.18788  9.512  1.75  1.54
 590 20140817 093200.069 64.63353 -17.11975  4.574  2.19  1.73
 591 20140817 093741.656 64.77033 -17.22976  7.126  1.77  1.46
 592 20140817 094459.200 64.77635 -17.15878  7.972  2.43  2.37
 593 20140817 095455.417 64.76955 -17.29843  7.188  2.03  1.57
 594 20140817 095544.215 64.62853 -16.73074  8.690  2.25  1.84
 595 20140817 095759.975 64.63506 -17.12913  9.962  1.53  1.29
 596 20140817 095848.376 64.64386 -17.09779 12.060  1.71  1.35
 597 20140817 100146.794 64.61426 -17.17609  7.332  1.75  1.47
 598 20140817 100649.256 64.64432 -17.11408 11.489  1.61  1.32
 599 20140817 101041.866 64.62910 -17.16323  9.212  2.25  2.07
 600 20140817 101116.390 64.62876 -17.14431  9.107  2.36  1.90
 601 20140817 101833.749 64.60294 -17.20737 10.442  1.45  1.19
 602 20140817 102517.534 64.61404 -17.18206  7.009  1.76  1.36
 603 20140817 103253.491 64.62609 -17.17423 10.217  1.51  1.26
 604 20140817 105006.106 64.62262 -17.18183  9.959  1.79  1.58
 605 20140817 105006.107 64.62018 -17.18121 11.070  1.85  1.52
 606 20140817 105104.803 64.50599 -17.78706  7.043  1.98  1.72
 607 20140817 105104.861 64.50629 -17.80162  9.440  1.76  1.64
 608 20140817 105641.568 64.62290 -17.18617  9.767  1.68  1.46
 609 20140817 111122.882 64.61961 -17.17665  9.543  1.77  1.67
 610 20140817 111209.939 64.63007 -17.21206 14.887  1.78  1.49
 611 20140817 111720.911 64.66579 -17.21856 16.224  1.52  1.25
 612 20140817 111747.454 64.65263 -17.08563  9.363 -9.99  1.29
 613 20140817 112153.203 64.78503 -17.16613  9.146  1.69  1.49
 614 20140817 112741.047 64.64687 -17.11352 12.289  1.69  1.46
 615 20140817 113005.858 64.64867 -17.08821 10.337  2.07  1.61
 616 20140817 113230.297 64.65573 -17.08791 11.163  1.48  1.21
 617 20140817 113345.655 64.64500 -17.10990 10.389  1.53  1.16
 618 20140817 114557.315 64.76369 -17.27070  7.699  2.16  1.84
 619 20140817 114856.866 64.63731 -17.10624 11.217  1.56  1.33
 620 20140817 115017.725 64.62575 -17.05294  1.144  1.35  1.21
 621 20140817 120059.933 64.64813 -17.08688 12.861  1.67  1.24
 622 20140817 121045.188 64.64793 -17.07847 11.118  1.85  1.42
 623 20140817 121552.729 64.64809 -17.09712 11.622  1.62  1.31
 624 20140817 123320.278 64.76671 -17.18492  8.185  2.04  1.92
 625 20140817 125004.336 64.76310 -17.19375  7.686  1.50  0.92
 626 20140817 125019.081 64.62691 -17.13276 12.725  1.36  1.08
 627 20140817 125432.908 64.78594 -17.20136  7.031  1.68  1.50
 628 20140817 125710.802 64.66138 -17.07057  9.974  1.39  1.18
 629 20140817 130141.620 64.65290 -17.02595  9.403  1.51  1.26
 630 20140817 130423.892 64.62025 -17.18115 11.735  2.14  1.70
 631 20140817 131926.556 64.63831 -17.09440  8.417  1.56  1.35
 632 20140817 132031.212 64.63344 -16.87346  6.635  2.48  1.61
 633 20140817 132136.926 64.65403 -17.06978  9.645  2.75  2.51
 634 20140817 132511.314 64.65846 -17.07511  5.475  2.34  1.84
 635 20140817 132551.607 64.65237 -17.07134 11.913  1.79  1.62
 636 20140817 132619.118 64.65202 -17.06743  8.321  2.57  2.07
 637 20140817 132702.714 64.65483 -17.06472  9.042  2.16  1.97
 638 20140817 132727.582 64.65263 -17.07086 10.900  2.25  1.77
 639 20140817 132803.951 64.65896 -17.07288  8.830  2.09  1.59
 640 20140817 132822.779 64.65498 -17.07779 10.215  2.50  2.17
 641 20140817 132924.299 64.65408 -17.06530  9.415  3.31  2.85
 642 20140817 133029.573 64.65547 -17.06526 10.141  2.63  2.17
 643 20140817 133152.996 64.65288 -17.06840 10.101  2.73  2.32
 644 20140817 133409.204 64.65459 -17.07261  9.531  2.86  2.42
 645 20140817 133832.369 64.65287 -17.06378  4.246  2.62  2.18
 646 20140817 133927.402 64.64477 -17.07322  9.937  1.44  1.22
 647 20140817 134037.341 64.66027 -17.06308 10.078  1.83  1.50
 648 20140817 134141.167 64.65343 -17.07638  7.815  1.88  1.59
 649 20140817 134403.669 64.78617 -17.16680  8.308  2.45  2.39
 650 20140817 134452.318 64.65759 -17.06401 11.065  1.98  1.71
 651 20140817 134532.132 64.65345 -17.08155 10.549  1.94  1.51
 652 20140817 134623.567 64.65759 -17.08286  9.951  1.80  1.60
 653 20140817 134651.596 64.65693 -17.08056 10.578  2.11  1.66
 654 20140817 134738.286 64.65763 -17.06986 10.076  2.23  1.87
 655 20140817 134800.310 64.65555 -17.08588 12.717  2.05  1.66
 656 20140817 134859.111 64.65763 -17.06706 10.188  2.32  1.93
 657 20140817 135212.834 64.65634 -17.06907  8.394  2.35  1.77
 658 20140817 135320.763 64.65527 -17.06647  9.826  1.74  1.57
 659 20140817 135358.533 64.65727 -17.07037  8.547  1.80  1.54
 660 20140817 135459.062 64.65881 -17.07053  8.319  1.59  1.29
 661 20140817 135541.277 64.65981 -17.08906 13.419  1.74  1.40
 662 20140817 135601.099 64.65754 -17.06676  7.416  1.85  1.56
 663 20140817 135640.925 64.65649 -17.06829  9.479  1.88  1.55
 664 20140817 135738.090 64.65887 -17.06210 10.707  1.70  1.51
 665 20140817 135914.097 64.66260 -17.05396  9.950  1.66  1.49
 666 20140817 140003.291 64.65777 -17.06665 11.079  2.17  1.72
 667 20140817 140106.944 64.65050 -17.09873 11.223  1.80  1.59
 668 20140817 140253.813 64.65692 -17.06420  8.736  1.89  1.59
 669 20140817 140346.509 64.65807 -17.06832  8.560  2.11  1.62
 670 20140817 140927.512 64.65746 -17.05988  9.966  1.95  1.72
 671 20140817 141157.150 64.65986 -17.05978  4.835  1.53  1.27
 672 20140817 141606.613 64.64948 -17.09726  9.151  2.21  1.68
 673 20140817 141646.889 64.66186 -17.05322  9.855  1.65  1.55
 674 20140817 142016.530 64.65958 -17.05662 11.778  1.70  1.55
 675 20140817 142356.099 64.65891 -17.05853  8.372  2.10  1.88
 676 20140817 142552.871 64.63042 -17.15508  9.228  2.07  1.74
 677 20140817 142641.315 64.65933 -17.06001  4.705  2.01  1.77
 678 20140817 142836.747 64.65397 -17.09085  9.592  1.72  1.60
 679 20140817 143117.166 64.65920 -17.07922  8.062  1.89  1.46
 680 20140817 143604.283 64.65868 -17.06353 11.772  2.23  1.95
 681 20140817 143907.422 64.64127 -17.12715  6.536  2.17  1.82
 682 20140817 144306.450 64.77273 -17.22934  6.761  2.51  2.28
 683 20140817 144501.053 64.65387 -17.09943 10.790  1.43  1.14
 684 20140817 144538.152 64.65219 -17.09443 11.565  1.57  1.28
 685 20140817 144550.906 64.66225 -17.06044 10.339  1.82  1.51
 686 20140817 145118.921 64.65874 -17.07808 11.564  2.01  1.67
 687 20140817 145436.894 64.66464 -17.05807 11.134  1.66  1.33
 688 20140817 145730.753 64.66036 -17.07534  9.738  1.51  1.33
 689 20140817 150126.550 64.65185 -17.09618 10.634  2.22  1.70
 690 20140817 150248.345 64.65311 -17.07554 10.064  1.35  1.12
 691 20140817 150836.634 64.65860 -17.05642 11.696  1.54  1.47
 692 20140817 151350.004 64.65199 -17.10048 10.025  2.09  1.83
 693 20140817 151434.638 64.64596 -17.09084 10.808  2.09  1.76
 694 20140817 151534.021 64.64104 -17.12817 10.226  1.85  1.49
 695 20140817 152752.286 64.64968 -17.09711 10.738  2.14  1.68
 696 20140817 153726.551 64.78708 -17.15701  8.465  2.13  1.85
 697 20140817 154442.657 64.61321 -17.21348 12.078  1.88  1.75
 698 20140817 154959.917 64.64857 -17.09028 11.408  1.71  1.51
 699 20140817 155121.995 64.65753 -17.07953  9.319  1.70  1.41
 700 20140817 155356.916 64.66033 -17.06420 10.167  2.03  1.61
 701 20140817 155707.219 64.64342 -17.12296 12.000  1.76  1.64
 702 20140817 155902.243 64.65856 -17.05756  9.288  2.02  1.74
 703 20140817 160244.088 64.65067 -17.09558  9.043  1.66  1.58
 704 20140817 160500.706 64.62418 -17.17537  9.447  1.60  1.44
 705 20140817 160856.311 64.65001 -17.09262 10.282  1.88  1.10
 706 20140817 160950.756 64.66483 -17.05693  8.414  1.56  1.33
 707 20140817 161843.054 64.64228 -17.12542 12.063  2.01  1.86
 708 20140817 162026.139 64.64996 -17.09917 12.105  2.05  1.44
 709 20140817 162108.102 64.76871 -17.12663  8.826  2.55  2.30
 710 20140817 162529.415 64.60775 -17.21797  9.955  1.60  1.39
 711 20140817 162729.454 64.65095 -17.07090 10.222  2.10  1.94
 712 20140817 163152.295 63.54711 -19.10665  0.135  0.98  0.42
 713 20140817 163641.925 64.64487 -17.09480  9.515  1.52  1.15
 714 20140817 164013.144 64.64644 -17.09605 11.134  1.88  1.75
 715 20140817 164126.599 64.63380 -17.15880  9.952  2.31  1.85
 716 20140817 164644.205 64.64764 -17.07353  8.740  1.80  1.51
 717 20140817 164720.799 64.65514 -17.04390  8.090  1.93  1.69
 718 20140817 164916.659 64.78746 -17.14238  9.636  1.85  1.84
 719 20140817 165911.263 64.63907 -17.10485 10.069  1.62  1.21
 720 20140817 170012.687 64.64581 -17.09073  9.138  1.90  1.20
 721 20140817 170200.074 64.65425 -17.06532  8.718  1.92  1.84
 722 20140817 171014.464 64.63928 -17.10411  9.283  1.37  1.06
 723 20140817 171232.508 64.63861 -17.11922  6.794  1.85  1.49
 724 20140817 171513.317 64.63981 -17.11046 10.689  1.50  1.18
 725 20140817 171813.357 64.64932 -17.09172  9.539  2.33  1.96
 726 20140817 171919.007 64.66582 -17.07816  2.559  1.50  1.24
 727 20140817 172235.819 64.64208 -17.12643 10.380  1.82  1.63
 728 20140817 172655.893 64.64252 -17.13247 10.256  1.87  1.72
 729 20140817 172836.856 64.63962 -17.13999  9.972  1.72  1.47
 730 20140817 173357.294 64.65561 -17.07764 11.662  1.60  1.35
 731 20140817 173430.655 63.64899 -19.32088  0.135  1.13  1.45
 732 20140817 173855.953 64.64679 -17.10513 10.539  1.58  1.35
 733 20140817 174244.185 64.65398 -17.09947 10.048  1.92  1.52
 734 20140817 174524.599 64.63861 -17.12820 12.742  2.07  1.49
 735 20140817 174935.248 64.65089 -17.09426 12.239  2.08  1.67
 736 20140817 175001.847 64.65347 -17.07459  9.716  1.71  1.21
 737 20140817 175450.896 64.64463 -16.85319  7.944  2.43  2.22
 738 20140817 175523.084 64.65682 -17.07861  9.206  1.66  1.43
 739 20140817 175601.303 64.62019 -17.18440  8.597  1.79  1.72
 740 20140817 175655.743 64.64691 -17.09980  9.619  1.45  1.03
 741 20140817 175815.066 64.64593 -17.39975  4.662  2.41  1.90
 742 20140817 180823.045 64.77746 -17.21786  8.329  1.57  1.38
 743 20140817 180927.086 64.64528 -17.11301 12.500  1.39  1.11
 744 20140817 181503.141 64.77510 -17.21275  5.066  3.24  2.94
 745 20140817 182320.702 64.64765 -17.11908 12.835  1.54  1.22
 746 20140817 182610.559 64.75273 -17.26483  7.502  1.80  1.66
 747 20140817 182823.584 64.64606 -17.11230 11.776  1.66  1.94
 748 20140817 182834.076 64.77179 -17.21451  6.229  2.01  1.92
 749 20140817 183101.540 64.77441 -17.21844  7.063  2.38  2.18
 750 20140817 183201.556 64.77784 -17.22053  7.096  1.86  1.84
 751 20140817 183823.171 64.67453 -17.01297  8.710  1.45  1.02
 752 20140817 185042.366 64.67362 -17.02562 12.605  1.66  1.50
 753 20140817 185120.403 64.78407 -17.22446  6.712  1.56  1.16
 754 20140817 185733.471 64.78542 -17.22013  6.902  2.99  2.44
 755 20140817 190107.467 64.77434 -17.20188  7.168  1.41  1.08
 756 20140817 190816.674 64.65041 -16.73398  2.492  2.41  2.27
 757 20140817 191041.244 64.76827 -17.30347  6.861  1.35  0.80
 758 20140817 191223.624 64.64529 -16.72305  7.621  2.40  2.32
 759 20140817 191440.187 66.19491 -16.82666  9.564  0.46  0.73
 760 20140817 191749.589 64.62604 -16.90928  8.955  1.90  1.73
 761 20140817 192705.955 64.62740 -17.15087  9.548  1.30  1.27
 762 20140817 192933.341 64.63196 -17.13968 11.071  1.43  1.19
 763 20140817 193252.254 64.63605 -17.12152  9.562  1.67  1.58
 764 20140817 193729.680 64.62579 -16.89349  6.859  1.87  1.59
 765 20140817 194424.316 64.62366 -16.84910  3.595  1.26  1.08
 766 20140817 194830.166 64.65206 -17.07126 10.357  2.10  1.76
 767 20140817 201343.983 64.64485 -17.08995 10.404  1.91  1.54
 768 20140817 201906.697 64.62720 -17.15908 10.592  1.78  1.50
 769 20140817 202106.322 64.64394 -17.13408 11.072  1.81  1.62
 770 20140817 202444.501 63.89812 -19.11375  0.672  0.64  1.06
 771 20140817 202745.773 64.66034 -17.10000  7.338  1.95  1.75
 772 20140817 203140.248 64.64214 -17.15569 10.669  1.34  1.14
 773 20140817 203334.916 64.65765 -17.07403  3.471  1.95  1.33
 774 20140817 203654.485 64.67020 -17.00958  8.556  1.73  1.49
 775 20140817 203917.904 64.62668 -16.92455 12.792  1.23  1.17
 776 20140817 204112.452 64.64066 -17.12674 11.727  1.39  1.09
 777 20140817 204557.517 64.65794 -17.09189  9.924  1.54  1.37
 778 20140817 204906.226 64.63309 -17.15737 12.107  1.75  1.66
 779 20140817 205419.142 64.62428 -17.17501  9.204  1.30  1.00
 780 20140817 205706.796 64.65617 -17.07805 10.063  2.25  1.61
 781 20140817 210550.020 64.65665 -17.07441  9.558  1.53  1.30
 782 20140817 210724.703 64.65134 -17.09340  9.881  1.40  1.01
 783 20140817 211111.027 64.62545 -17.18054 10.154  1.58  1.10
 784 20140817 211159.903 64.65577 -17.07562  9.058  1.88  1.36
 785 20140817 213558.984 64.61650 -17.19449  7.962  1.82  1.44
 786 20140817 213712.819 64.65104 -17.09757 10.865  1.91  1.35
 787 20140817 213813.796 64.64749 -17.52729  9.356  2.05  1.49
 788 20140817 214206.674 64.66500 -17.06976  3.033  1.80  1.27
 789 20140817 214422.320 64.60706 -17.19714  9.368  2.07  1.92
 790 20140817 215037.706 64.63451 -17.12823 11.922  1.32  1.11
 791 20140817 215822.024 64.64265 -17.12269 11.414  1.04  0.79
 792 20140817 220401.891 64.75194 -17.17298  7.351  1.31  1.11
 793 20140817 221617.792 64.62327 -17.18087  4.095  1.21  1.03
 794 20140817 223312.442 64.66988 -17.42845  9.624  1.77  1.36
 795 20140817 225822.029 64.63146 -17.15109  7.304  2.09  1.43
 796 20140817 231801.285 64.65761 -17.07313 10.222  1.25  1.00
 797 20140817 232306.475 64.64397 -17.12562  8.664  1.95  1.78
 798 20140817 232425.855 64.63051 -17.14678  6.892  1.60  1.42
 799 20140817 233644.986 64.64544 -17.12200  9.202  1.55  1.34
 800 20140817 234216.906 64.62163 -17.18452  7.436  1.94  1.69
 801 20140817 234421.645 64.65785 -17.07591 11.082  2.07  1.60
 802 20140817 235046.745 64.63937 -17.12890  9.342  1.35  1.06
 803 20140817 235348.420 64.62119 -17.19319  6.425  1.65  1.38
